 science
thing
part
chromosome
structure
biological
biological
is
[[0.0, 0.0, 0.0, 0.0, 0.0], [0.0, 0.0, 0.0, 0.0, 0.0017608729895340265], [0.0031070229969770275, 0.0, 0.0, 0.0, 0.0], [0.0, 0.0, 0.0, 0.002050239378896943, 0.0], [0.0, 0.0, 0.0, 0.002050239378896943, 0.0], [0.0, 0.0, 0.0, 0.0, 0.0017608729895340265], [0.0, 0.0, 0.0, 0.0035017480199012298, 0.0050125313559855307], [0.0, 0.0, 0.0, 0.0, 0.0]]science
thing
part
chromosome
structure
biological
biological
is
[[0.0, 0.0, 0.0, 0.0, 0.0], [0.0, 0.0, 0.0, 0.0, 0.0017608729895340265], [0.0031070229969770275, 0.0, 0.0, 0.0, 0.0], [0.0, 0.0, 0.0, 0.002050239378896943, 0.0], [0.0, 0.0, 0.0, 0.002050239378896943, 0.0], [0.0, 0.0, 0.0, 0.0, 0.0017608729895340265], [0.0, 0.0, 0.0, 0.0035017480199012298, 0.0050125313559855307], [0.0, 0.0, 0.0, 0.0, 0.0]]science
thing
part
chromosome
structure
biological
biological
is
[[0.0, 0.0, 0.0, 0.0, 0.0], [0.0, 0.0, 0.0, 0.0, 0.0017608729895340265], [0.0031070229969770275, 0.0, 0.0, 0.0, 0.0], [0.0, 0.0, 0.0, 0.002050239378896943, 0.0], [0.0, 0.0, 0.0, 0.002050239378896943, 0.0], [0.0, 0.0, 0.0, 0.0, 0.0017608729895340265], [0.0, 0.0, 0.0, 0.0035017480199012298, 0.0050125313559855307], [0.0, 0.0, 0.0, 0.0, 0.0]]