[[  1.11022302e-16   0.00000000e+00  -1.11022302e-16  -5.55111512e-17
    5.55111512e-17  -3.31437965e-01  -9.43477014e-01   0.00000000e+00]
 [  2.12415207e-01   0.00000000e+00   3.79084717e-01   0.00000000e+00
    9.00652295e-01   0.00000000e+00   0.00000000e+00   0.00000000e+00]
 [ -2.46519033e-32  -1.00000000e+00   2.46519033e-32   1.23259516e-32
   -1.23259516e-32   1.11022302e-16   2.22044605e-16   0.00000000e+00]
 [  1.83383464e-01   0.00000000e+00  -5.95271085e-01  -6.56467993e-01
    2.07299460e-01   3.50612547e-01  -1.23168140e-01   0.00000000e+00]
 [  1.83383464e-01   0.00000000e+00  -5.95271085e-01   7.39837880e-01
    2.07299460e-01   1.38949811e-01  -4.88122572e-02   0.00000000e+00]
 [  2.12415207e-01   0.00000000e+00   3.79084717e-01   1.38949811e-01
   -2.09654096e-01   8.15937265e-01  -2.86633996e-01   0.00000000e+00]
 [  9.17878298e-01   0.00000000e+00   6.24037302e-02  -4.88122572e-02
   -2.42743632e-01  -2.86633996e-01   1.00692849e-01   0.00000000e+00]
 [  0.00000000e+00   0.00000000e+00   0.00000000e+00   0.00000000e+00
    0.00000000e+00   0.00000000e+00   0.00000000e+00   1.00000000e+00]]
[[ 0.          0.          0.          0.59560967  0.803274  ]
 [-1.         -0.         -0.         -0.         -0.        ]
 [-0.         -0.          0.         -0.803274    0.59560967]
 [ 0.          0.         -1.          0.          0.        ]
 [ 0.          1.          0.          0.          0.        ]]