193 7.9
0 2.0
1 3.6
2 5.2
3 3.1
4 4.3
5 6.7
6 3.9
7 3.9
8 6.9
9 5.9
10 1.8
11 16.8
12 3.5
13 3.9
14 5.2
15 5.3
16 2.9
17 5.6
18 1.9
19 3.8
20 4.5
21 3.7
22 2.8
23 5.8
24 3.5
25 4.0
26 4.4
27 2.6
28 3.6
29 2.3
30 5.1
31 2.6
32 3.6
33 3.0
34 5.4
35 4.9
36 4.6
37 5.3
38 5.5
39 5.7
40 2.5
41 2.4
42 8.6
43 3.5
44 3.8
45 6.0
46 3.0
47 5.4
48 5.5
49 2.8
50 4.2
51 3.9
52 1.9
53 3.9
54 4.5
55 5.3
56 2.3
57 4.9
58 3.4
59 3.7
60 4.9
61 2.6
62 3.5
63 6.6
64 2.9
65 3.2
66 2.1
67 6.4
68 3.9
69 1.9
70 7.2
71 4.5
72 2.3
73 1.3
74 4.0
75 3.2
76 2.5
77 3.0
78 7.5
79 3.3
80 6.8
81 3.4
82 4.2
83 11.2
84 3.8
85 2.6
86 4.9
87 4.3
88 6.5
89 5.8
90 3.6
91 2.8
92 4.7
93 3.3
94 4.7
95 2.8
96 3.4
97 3.1
98 4.2
99 6.2
100 6.1
101 3.7
102 3.9
103 3.2
104 1.2
105 8.7
106 4.9
107 1.9
108 30.5
109 4.3
110 5.2
111 6.3
112 5.2
113 2.5
114 1.8
115 76.6
116 3.4
117 3.4
118 2.3
119 1.0
120 5.6
121 3.7
122 3.5
123 6.1
124 2.4
125 2.7
126 3.5
127 1.0
128 6.6
129 3.6
130 3.5
131 4.9
132 5.5
133 4.5
134 3.5
135 4.8
136 5.5
137 4.3
138 3.9
139 5.8
140 2.7
141 2.4
142 4.0
143 3.3
144 2.9
145 6.4
146 3.8
147 2.9
148 6.2
149 2.4
150 3.6
151 6.3
152 4.2
153 6.8
154 2.3
155 14.6
156 5.9
157 4.1
158 3.0
159 2.6
160 2.8
161 2.3
162 5.0
163 3.7
164 0.8
165 5.2
166 5.6
167 2.3
168 2.6
169 4.4
170 1.6
171 5.2
172 14.2
173 2.1
174 6.9
175 3.7
176 5.2
177 6.3
178 5.5
179 2.6
180 3.1
181 6.6
182 5.0
183 2.3
184 4.1
185 4.7
186 4.3
187 1.6
188 5.3
189 4.9
191 5.1
192 5.2
193 2.7
128 2.7
1 0.8
2 1.2
131 0.2
4 2.0
5 0.9
65 0.2
136 1.8
11 3.8
13 0.5
14 0.3
15 0.7
16 0.5
148 0.4
21 0.7
132 0.8
155 3.7
28 0.2
176 1.3
162 0.6
27 1.1
164 0.6
163 0.7
38 0.3
167 0.6
156 0.3
42 1.0
171 0.1
172 5.0
45 0.8
174 2.0
48 0.8
50 1.5
52 0.2
181 0.6
54 2.9
58 0.9
59 0.1
60 1.9
53 0.8
63 0.5
193 1.0
66 0.6
33 0.7
73 0.6
76 1.0
77 1.0
79 1.3
81 0.1
82 0.7
83 1.3
186 0.7
88 1.9
71 0.6
143 0.9
93 0.4
94 0.4
165 0.3
98 1.6
166 0.5
102 0.9
39 0.8
108 4.9
191 0.1
111 0.6
115 8.2
116 1.8
122 0.5
123 3.1
128 1.4
0 0.2
130 0.3
131 0.3
4 0.8
133 0.1
1 0.1
136 0.8
11 2.2
140 0.7
143 0.7
147 0.4
148 1.0
23 0.5
26 0.3
155 2.0
30 0.2
5 0.9
160 0.2
162 0.3
37 0.5
171 0.4
172 2.5
45 0.5
174 2.0
176 0.6
181 0.7
54 2.0
60 1.9
190 0.1
71 0.8
77 1.1
83 0.9
88 1.9
105 0.4
108 2.4
115 4.0
122 0.6
123 1.8
128 2.7
1 1.6
2 1.9
3 1.5
4 2.5
5 1.9
0 1.2
136 0.7
11 3.5
140 0.7
13 0.5
143 0.8
145 0.5
131 0.7
148 1.5
21 0.8
23 0.8
26 0.3
155 3.5
156 0.4
30 0.1
133 0.9
48 0.8
162 1.3
37 0.7
42 0.3
171 0.5
172 4.2
45 1.4
174 3.7
47 0.3
176 0.7
179 0.2
181 1.3
54 2.9
6 1.0
60 3.4
193 0.4
68 0.7
71 1.2
77 1.3
83 1.9
88 3.6
94 0.6
151 0.2
102 0.3
105 0.5
106 0.1
108 5.3
115 5.5
122 0.9
123 2.8
128 3.6
1 2.5
2 2.6
3 3.3
4 3.6
5 2.1
0 2.1
7 1.0
136 1.1
9 1.0
10 1.0
11 5.5
140 1.0
13 1.7
143 0.2
145 0.4
131 1.1
148 2.7
21 1.0
23 1.5
26 0.3
155 5.0
154 0.1
30 0.1
159 0.3
133 1.7
48 1.0
162 1.3
37 0.7
40 0.4
172 6.0
45 1.7
174 5.4
47 0.2
176 1.1
8 1.6
181 1.5
54 3.0
6 1.7
60 5.0
193 0.5
68 0.7
71 1.9
12 1.0
77 1.4
79 0.5
81 0.2
83 2.4
88 5.1
94 0.9
151 0.2
105 0.6
108 8.4
115 8.7
122 1.8
123 4.1
128 4.6
1 4.9
2 3.0
3 5.5
4 5.5
5 2.5
6 3.4
7 1.0
136 1.0
9 2.7
10 1.8
11 6.9
140 0.8
13 1.8
14 1.0
143 0.2
16 2.7
17 1.5
18 2.6
131 0.8
148 3.7
21 0.8
23 1.4
26 0.1
155 5.6
0 2.8
30 0.2
133 2.5
48 1.1
162 1.4
37 0.4
40 0.2
172 8.0
45 2.8
174 6.9
176 0.8
8 2.1
181 2.6
54 4.2
159 0.1
60 6.5
19 2.1
68 0.3
71 2.0
12 1.7
77 1.8
83 1.8
88 6.5
15 0.3
94 0.4
105 0.3
108 9.5
115 10.4
20 2.0
122 2.0
123 4.5
128 6.3
1 4.7
2 3.9
3 6.6
4 6.1
5 3.2
6 4.2
7 1.0
136 1.2
9 3.3
10 1.3
11 7.3
140 0.8
13 3.2
14 1.0
143 0.6
16 2.8
17 3.3
18 3.1
131 0.6
148 5.5
21 2.0
22 2.7
23 3.2
24 1.5
25 2.6
26 3.7
155 6.9
0 4.0
29 1.1
30 2.3
133 2.7
32 1.8
48 1.9
162 1.9
27 2.4
37 0.5
40 0.2
28 1.3
172 11.2
45 4.1
174 9.8
176 1.0
8 3.2
181 3.1
54 5.7
159 0.1
60 9.7
128 6.3
19 3.3
1 4.7
68 0.2
2 3.9
71 1.9
3 6.6
12 3.0
4 6.1
77 3.3
5 3.2
34 1.6
6 4.2
83 1.6
7 1.0
88 9.5
136 1.2
15 2.8
9 3.3
92 0.3
10 1.3
94 0.1
11 7.3
59 0.2
140 0.8
161 0.2
13 3.2
33 3.0
14 1.0
102 0.1
143 0.6
81 0.4
16 2.8
105 0.3
17 3.3
108 15.7
18 3.1
146 0.2
131 0.6
31 1.4
148 5.5
115 12.7
21 2.0
20 1.0
22 2.7
122 1.8
23 3.2
123 5.8
24 1.5
25 2.6
26 3.7
155 6.9
0 4.0
29 1.1
30 2.3
133 2.7
32 1.8
48 1.9
162 1.9
27 2.4
37 0.5
40 0.2
28 1.3
172 11.2
45 4.1
174 9.8
176 1.0
8 3.2
181 3.1
54 5.7
159 0.1
60 9.7
19 3.3
68 0.2
71 1.9
12 3.0
77 3.3
34 1.6
83 1.6
88 9.5
15 2.8
92 0.3
94 0.1
59 0.2
161 0.2
33 3.0
102 0.1
81 0.4
105 0.3
108 15.7
146 0.2
31 1.4
115 12.7
20 1.0
122 1.8
123 5.8
128 7.7
1 4.3
2 4.1
3 6.7
4 6.9
5 4.1
6 4.4
7 1.0
136 1.5
9 3.8
10 1.2
11 7.9
140 1.2
13 3.4
14 1.0
143 0.4
16 1.9
17 3.5
18 2.9
131 0.5
148 6.4
21 2.0
22 1.0
23 2.8
24 1.0
25 1.9
26 4.2
155 7.8
0 4.8
29 1.0
30 2.2
133 2.8
32 4.0
48 1.9
162 1.8
27 2.0
36 1.9
37 3.5
38 2.1
177 0.4
40 1.8
28 1.2
172 12.5
45 3.9
174 11.5
176 1.4
8 4.1
179 0.2
181 3.1
54 6.3
159 0.1
60 11.5
35 1.0
19 4.2
68 0.1
71 2.5
12 2.8
77 4.4
34 2.3
83 2.0
88 11.0
15 3.2
94 0.1
165 0.2
144 0.1
59 0.1
161 0.8
33 3.3
105 0.3
39 2.6
108 19.2
31 1.2
115 15.0
41 1.7
20 1.0
122 1.5
123 7.4
128 1.4
0 0.2
130 0.3
131 0.3
4 0.8
133 0.1
1 0.1
136 0.8
11 2.2
140 0.7
143 0.7
147 0.4
148 1.0
23 0.5
26 0.3
155 2.0
30 0.2
5 0.9
160 0.2
162 0.3
37 0.5
171 0.4
172 2.5
45 0.5
174 2.0
176 0.6
181 0.7
54 2.0
60 1.9
190 0.1
71 0.8
77 1.1
83 0.9
88 1.9
105 0.4
108 2.4
115 4.0
122 0.6
123 1.8
128 2.7
1 1.6
2 1.9
3 1.5
4 2.5
5 1.9
0 1.2
136 0.7
11 3.5
140 0.7
13 0.5
143 0.8
145 0.5
131 0.7
148 1.5
21 0.8
23 0.8
26 0.3
155 3.5
156 0.4
30 0.1
133 0.9
48 0.8
162 1.3
37 0.7
42 0.3
171 0.5
172 4.2
45 1.4
174 3.7
47 0.3
176 0.7
179 0.2
181 1.3
54 2.9
6 1.0
60 3.4
193 0.4
68 0.7
71 1.2
77 1.3
83 1.9
88 3.6
94 0.6
151 0.2
102 0.3
105 0.5
106 0.1
108 5.3
115 5.5
122 0.9
123 2.8
128 1.4
0 0.2
130 0.3
131 0.3
4 0.8
133 0.1
1 0.1
136 0.8
11 2.2
140 0.7
143 0.7
147 0.1
148 1.0
23 0.5
26 0.3
155 2.0
30 0.2
5 0.9
162 0.3
37 0.5
171 0.4
172 2.5
45 0.5
174 2.0
176 0.6
181 0.7
54 2.0
60 1.9
190 0.4
71 0.8
77 1.1
83 0.9
88 1.9
105 0.4
108 2.4
114 0.2
115 4.0
122 0.6
123 1.8
128 1.4
0 0.2
130 0.3
131 0.3
4 0.8
133 0.1
1 0.1
136 0.8
11 2.2
140 0.7
143 0.7
147 0.1
148 1.0
23 0.5
26 0.3
155 2.0
30 0.2
5 0.9
162 0.3
37 0.5
171 0.4
172 2.5
45 0.5
174 2.0
176 0.6
181 0.7
54 2.0
60 1.9
190 0.4
71 0.8
77 1.1
83 0.9
88 1.9
105 0.4
108 2.4
114 0.2
115 4.0
122 0.6
123 1.8
128 1.7
1 1.6
2 1.0
3 1.6
4 2.8
5 2.0
0 1.7
136 1.0
11 3.3
140 1.5
143 1.6
131 0.9
148 1.9
21 0.2
23 1.1
26 0.2
155 3.2
30 0.2
162 0.6
37 0.8
171 1.0
172 3.9
45 1.5
174 3.6
176 1.5
181 1.3
54 3.1
6 1.4
60 3.6
71 1.5
77 2.5
83 2.0
88 3.7
94 0.6
105 0.8
108 5.1
115 6.6
122 1.3
123 3.1
128 1.4
0 0.2
130 0.3
131 0.3
4 0.8
133 0.1
1 0.1
136 0.8
11 2.2
140 0.7
143 0.7
147 0.1
148 1.0
23 0.5
26 0.3
155 2.0
30 0.2
5 0.9
162 0.3
37 0.5
171 0.4
172 2.5
45 0.5
174 2.0
176 0.6
181 0.7
54 2.0
60 1.9
190 0.4
71 0.8
77 1.1
83 0.9
88 1.9
105 0.4
108 2.4
114 0.2
115 4.0
122 0.6
123 1.8
128 1.7
1 1.6
2 1.0
3 1.6
4 2.8
5 2.0
0 1.7
136 1.0
11 3.3
140 1.5
143 1.6
131 0.9
148 1.9
21 0.2
23 1.1
26 0.2
155 3.2
30 0.2
162 0.6
37 0.8
171 1.0
172 3.9
45 1.5
174 3.6
176 1.5
181 1.3
54 3.1
6 1.4
60 3.6
71 1.5
77 2.5
83 2.0
88 3.7
94 0.6
105 0.8
108 5.1
115 6.6
122 1.3
123 3.1
128 1.4
0 0.2
130 0.3
131 0.3
4 0.8
133 0.1
1 0.1
136 0.8
11 2.2
140 0.7
143 0.7
147 0.1
148 1.0
23 0.5
26 0.3
155 2.0
30 0.2
5 0.9
162 0.3
37 0.5
171 0.4
172 2.5
45 0.5
174 2.0
176 0.6
181 0.7
54 2.0
60 1.9
190 0.4
71 0.8
77 1.1
83 0.9
88 1.9
105 0.4
108 2.4
114 0.2
115 4.0
122 0.6
123 1.8
128 1.4
0 0.2
130 0.3
131 0.3
4 0.8
133 0.1
1 0.1
136 0.8
11 2.2
140 0.7
143 0.7
147 0.1
148 1.0
23 0.5
26 0.3
155 2.0
30 0.2
5 0.9
162 0.3
37 0.5
171 0.4
172 2.5
45 0.5
174 2.0
176 0.6
181 0.7
54 2.0
60 1.9
190 0.4
71 0.8
77 1.1
83 0.9
88 1.9
105 0.4
108 2.4
114 0.2
115 4.0
122 0.6
123 1.8
128 1.7
1 1.6
2 1.0
3 1.6
4 2.8
5 2.0
0 1.7
136 1.0
11 3.3
140 1.5
143 1.6
131 0.9
148 1.9
21 0.2
23 1.1
26 0.2
155 3.2
30 0.2
162 0.6
37 0.8
171 1.0
172 3.9
45 1.5
174 3.6
176 1.5
181 1.3
54 3.1
6 1.4
60 3.6
71 1.5
77 2.5
83 2.0
88 3.7
94 0.6
105 0.8
108 5.1
115 6.6
122 1.3
123 3.1
128 1.4
0 0.2
130 0.3
131 0.3
4 0.8
133 0.1
1 0.1
136 0.8
11 2.2
140 0.7
143 0.7
147 0.1
148 1.0
23 0.5
26 0.3
155 2.0
30 0.2
5 0.9
162 0.3
37 0.5
171 0.4
172 2.5
45 0.5
174 2.0
176 0.6
181 0.7
54 2.0
60 1.9
190 0.4
71 0.8
77 1.1
83 0.9
88 1.9
105 0.4
108 2.4
114 0.2
115 4.0
122 0.6
123 1.8
128 1.7
1 1.6
2 1.0
3 1.6
4 2.8
5 2.0
0 1.7
136 1.0
11 3.3
140 1.5
143 1.6
131 0.9
148 1.9
21 0.2
23 1.1
26 0.2
155 3.2
30 0.2
162 0.6
37 0.8
171 1.0
172 3.9
45 1.5
174 3.6
176 1.5
181 1.3
54 3.1
6 1.4
60 3.6
71 1.5
77 2.5
83 2.0
88 3.7
94 0.6
105 0.8
108 5.1
115 6.6
122 1.3
123 3.1
0 0.2
1 0.1
130 0.3
131 0.3
4 0.8
5 0.9
136 0.8
128 1.4
11 2.2
140 0.7
143 0.7
147 0.4
148 1.0
23 0.5
26 0.3
155 2.0
30 0.2
133 0.1
160 0.2
162 0.3
37 0.5
171 0.4
172 2.5
45 0.5
174 2.0
176 0.6
181 0.7
54 2.0
60 1.9
190 0.1
71 0.8
77 1.1
83 0.9
88 1.9
105 0.4
108 2.4
115 4.0
122 0.6
123 1.8
192 1.3
193 0.7
187 0.3
136 1.8
121 1.9
186 0.1
123 1.7
188 0.5
189 0.7
190 0.9
191 1.1
128 1.9
0 0.6
131 0.7
4 0.8
5 2.4
134 2.0
1 0.5
136 2.6
11 4.5
140 0.7
13 0.1
143 0.4
148 1.3
23 0.8
26 0.2
27 0.8
28 0.1
30 0.3
133 0.1
162 0.4
155 2.0
37 0.5
170 1.3
43 0.2
172 3.1
45 0.6
174 2.1
176 0.6
177 0.4
181 1.0
54 3.0
60 2.7
189 0.4
71 0.8
77 1.2
83 1.5
88 2.4
94 0.4
105 0.4
108 2.5
109 1.4
115 5.8
121 2.1
122 0.2
123 2.7
128 3.8
0 0.9
2 1.1
3 1.0
4 2.9
5 2.5
134 2.2
7 1.0
136 3.4
9 1.4
10 1.3
11 8.0
140 0.9
13 0.5
143 0.9
16 0.4
145 0.1
131 0.8
148 2.0
23 1.4
26 0.6
27 1.1
28 0.1
30 0.4
133 0.3
162 1.1
155 3.6
1 0.8
37 0.7
177 0.7
156 0.1
170 1.1
43 0.6
172 6.0
45 1.7
174 3.6
176 1.2
8 1.2
181 1.4
54 4.9
6 1.1
60 4.5
189 0.7
182 0.3
71 2.1
73 0.1
77 1.7
79 0.2
83 2.8
88 4.5
94 0.6
105 1.2
108 5.5
109 1.1
115 8.1
116 0.1
121 2.4
122 0.5
123 4.8
128 4.3
0 0.8
2 3.7
3 3.3
4 5.6
5 3.4
134 2.1
7 2.2
136 2.8
9 2.2
10 4.3
11 8.9
140 0.8
13 2.4
14 5.1
143 1.3
16 2.6
17 4.8
18 2.5
19 4.4
148 1.9
171 0.4
23 0.5
26 0.3
27 1.2
28 0.3
30 0.4
162 0.3
155 3.5
6 2.9
177 1.0
156 0.2
170 1.3
43 0.9
172 6.7
45 1.5
174 5.0
176 1.0
8 2.6
181 1.7
54 5.9
55 0.2
56 0.1
60 5.9
189 0.6
71 2.2
12 3.6
77 1.7
83 3.1
88 5.2
15 3.2
37 0.8
131 0.3
102 1.0
105 0.9
108 6.0
109 1.7
115 8.8
121 1.7
122 0.1
123 5.2
124 0.2
128 4.6
0 0.7
2 2.9
3 3.8
4 3.8
5 3.5
134 2.8
7 1.6
136 1.4
9 3.2
10 3.8
11 10.5
140 1.3
13 3.3
14 5.6
143 0.8
16 6.4
17 3.9
18 3.2
19 5.8
148 2.5
171 0.4
150 0.1
23 3.4
24 2.8
25 4.0
26 2.9
27 3.8
28 4.4
30 0.7
133 0.9
162 0.2
155 3.4
1 0.3
37 0.5
177 1.3
170 1.3
43 1.5
172 5.4
45 1.2
174 6.5
176 1.0
8 2.4
181 1.2
54 5.0
73 0.4
6 2.1
60 7.4
189 0.9
71 3.9
12 3.3
77 1.3
22 5.3
83 4.1
88 6.5
15 4.8
93 0.1
20 5.7
151 0.1
99 0.1
131 0.4
102 0.6
145 0.1
105 1.4
108 7.7
109 1.5
115 10.0
119 0.3
121 2.1
122 0.1
123 6.5
124 0.4
126 0.3
21 1.6
0 0.9
1 0.5
2 3.1
3 4.2
4 5.5
5 5.2
6 3.0
7 1.6
8 2.5
9 4.5
10 4.2
11 10.8
12 3.0
13 2.6
14 2.9
15 4.7
16 4.3
17 1.1
18 3.7
19 3.6
20 2.9
21 3.2
22 4.4
23 3.0
24 4.3
25 1.8
26 3.1
27 4.1
28 5.5
29 3.1
30 3.0
31 2.8
32 2.7
33 2.8
34 0.6
35 2.0
36 2.0
37 4.3
38 0.1
43 1.8
45 1.6
54 8.3
55 0.2
56 0.3
60 10.0
66 0.6
71 4.1
77 1.0
80 0.2
83 4.9
88 8.7
93 0.3
97 0.2
99 0.6
102 0.9
105 1.3
108 12.4
109 2.5
115 14.4
119 0.3
121 1.8
122 0.2
123 7.3
124 0.2
126 0.4
128 5.1
131 0.6
133 1.0
134 2.7
136 1.6
137 0.1
140 1.4
143 1.1
145 0.5
148 2.5
150 0.5
151 0.1
155 6.1
162 1.4
170 2.1
171 0.6
172 7.4
174 8.3
176 1.2
177 0.2
181 1.3
188 0.2
189 0.4
0 0.9
1 0.5
2 3.0
3 5.2
4 3.1
5 7.9
6 2.8
7 4.7
8 2.2
9 4.5
10 4.3
11 13.3
12 1.5
13 1.9
14 5.8
15 4.1
16 5.2
17 3.5
18 3.1
19 3.4
20 4.5
21 2.9
22 3.8
23 4.0
24 3.7
25 2.2
26 3.0
27 4.4
28 5.9
29 4.6
30 4.3
31 4.5
32 3.2
33 2.6
34 1.2
35 3.8
36 3.3
37 4.3
38 2.2
39 1.3
40 3.1
41 3.0
42 0.2
43 4.9
44 1.5
45 3.5
46 0.9
54 7.9
55 0.1
60 10.8
66 0.6
71 5.4
77 1.0
79 0.3
83 5.6
88 9.3
94 1.2
99 0.4
102 2.3
104 0.1
105 1.5
108 14.7
109 1.7
115 13.4
121 1.7
122 0.6
123 8.7
124 0.1
125 0.3
128 5.8
131 0.9
133 0.8
134 3.0
136 1.3
140 1.9
143 0.9
145 0.6
148 3.4
155 7.2
162 0.7
170 1.7
171 0.5
172 9.5
174 9.6
175 0.2
176 1.4
177 1.4
181 1.0
189 0.8
0 2.0
1 3.6
2 5.2
3 3.1
4 4.3
5 6.7
6 3.9
7 3.9
8 6.9
9 5.9
10 1.8
11 16.8
12 3.5
13 3.9
14 5.2
15 5.3
16 2.9
17 5.6
18 1.9
19 3.8
20 4.5
21 3.7
22 2.8
23 5.8
24 3.5
25 4.0
26 4.4
27 2.6
28 3.6
29 2.3
30 5.1
31 2.6
32 3.6
33 3.0
34 5.4
35 4.9
36 4.6
37 5.3
38 5.5
39 5.7
40 2.5
41 2.4
42 8.6
43 3.5
44 3.8
45 6.0
46 3.0
47 5.4
48 5.5
49 2.8
50 4.2
51 3.9
52 1.9
53 3.9
54 4.5
55 5.3
56 2.3
57 4.9
58 3.4
59 3.7
60 4.9
61 2.6
62 3.5
63 6.6
64 2.9
65 3.2
66 2.1
67 6.4
68 3.9
69 1.9
70 7.2
71 4.5
72 2.3
73 1.3
74 4.0
75 3.2
76 2.5
77 3.0
78 7.5
79 3.3
80 6.8
81 3.4
82 4.2
83 11.2
84 3.8
85 2.6
86 4.9
87 4.3
88 6.5
89 5.8
90 3.6
91 2.8
92 4.7
93 3.3
94 4.7
95 2.8
96 3.4
97 3.1
98 4.2
99 6.2
100 6.1
101 3.7
102 3.9
103 3.2
104 1.2
105 8.7
106 4.9
107 1.9
108 30.5
109 4.3
110 5.2
111 6.3
112 5.2
113 2.5
114 1.8
115 76.6
116 3.4
117 3.4
118 2.3
119 1.0
120 5.6
121 3.7
122 3.5
123 6.1
124 2.4
125 2.7
126 3.5
127 1.0
128 6.6
129 3.6
130 3.5
131 4.9
132 5.5
133 4.5
134 3.5
135 4.8
136 5.5
137 4.3
138 3.9
139 5.8
140 2.7
141 2.4
142 4.0
143 3.3
144 2.9
145 6.4
146 3.8
147 2.9
148 6.2
149 2.4
150 3.6
151 6.3
152 4.2
153 6.8
154 2.3
155 14.6
156 5.9
157 4.1
158 3.0
159 2.6
160 2.8
161 2.3
162 5.0
163 3.7
164 0.8
165 5.2
166 5.6
167 2.3
168 2.6
169 4.4
170 1.6
171 5.2
172 14.2
173 2.1
174 6.9
175 3.7
176 5.2
177 6.3
178 5.5
179 2.6
180 3.1
181 6.6
182 5.0
183 2.3
184 4.1
185 4.7
186 4.3
187 1.6
188 5.3
189 4.9
191 5.1
192 5.2
193 2.7
0 3.9
1 6.8
2 6.9
3 3.0
4 8.3
5 9.7
6 7.7
7 6.2
8 11.5
9 10.0
10 2.8
11 38.6
12 5.8
13 4.4
14 8.9
15 7.1
16 5.7
17 8.0
18 3.2
19 7.1
20 9.9
21 8.1
22 6.5
23 9.0
24 6.0
25 9.0
26 7.9
27 5.2
28 6.9
29 4.0
30 9.5
31 5.1
32 9.4
33 4.8
34 9.7
35 7.8
36 6.0
37 7.3
38 9.6
39 8.0
40 4.3
41 5.7
42 11.6
43 7.0
44 8.6
45 9.4
46 5.6
47 7.9
48 9.8
49 7.1
50 6.8
51 7.1
52 3.4
53 6.4
54 6.4
55 8.4
56 4.5
57 11.2
58 8.4
59 7.2
60 6.5
61 4.2
62 6.1
63 11.9
64 6.1
65 12.6
66 4.2
67 10.2
68 8.1
69 3.8
70 11.9
71 6.9
72 3.2
73 2.5
74 7.5
75 5.7
76 5.0
77 5.1
78 9.4
79 6.6
80 8.8
81 6.8
82 7.0
83 20.7
84 8.1
85 5.6
86 10.8
87 6.9
88 11.1
89 9.9
90 6.2
91 5.3
92 8.0
93 2.5
94 10.2
95 12.5
96 8.2
97 5.7
98 8.0
99 5.5
100 8.3
101 6.5
102 9.2
103 5.9
104 9.5
105 11.5
106 11.0
107 9.3
108 70.9
109 10.6
110 9.4
111 10.0
112 6.1
113 8.3
114 12.8
115 205.7
116 5.8
117 6.6
118 4.3
119 2.0
120 10.6
121 6.7
122 6.7
123 10.8
124 12.4
125 8.4
126 5.3
127 2.0
128 13.6
129 10.1
130 8.5
131 8.7
132 8.0
133 8.5
134 6.8
135 7.5
136 7.9
137 7.9
138 9.0
139 9.8
140 8.0
141 6.6
142 6.4
143 7.2
144 4.4
145 7.9
146 6.7
147 10.0
148 9.3
149 4.3
150 6.2
151 10.8
152 8.4
153 12.2
154 8.0
155 35.9
156 12.8
157 8.2
158 5.5
159 5.2
160 4.3
161 3.7
162 9.3
163 7.4
164 9.5
165 7.8
166 8.1
167 8.7
168 4.3
169 8.3
170 10.4
171 13.4
172 25.1
173 4.7
174 11.0
175 7.0
176 12.7
177 13.7
178 10.0
179 5.3
180 10.6
181 9.0
182 9.3
183 4.1
184 6.8
185 7.5
186 8.5
187 3.2
188 10.5
189 8.9
190 14.2
191 7.7
192 10.8
193 7.9
0 6.1
1 10.1
2 10.5
3 5.2
4 11.2
5 15.7
6 11.4
7 7.4
8 17.3
9 14.9
10 4.2
11 96.9
12 8.1
13 7.9
14 13.2
15 9.4
16 7.3
17 8.6
18 4.4
19 11.1
20 9.3
21 10.2
22 7.0
23 10.5
24 8.6
25 9.0
26 12.5
27 7.6
28 9.0
29 6.3
30 13.4
31 7.3
32 9.1
33 7.4
34 15.4
35 8.6
36 7.6
37 11.4
38 8.9
39 7.0
40 7.4
41 9.5
42 19.4
43 12.2
44 15.0
45 14.0
46 8.4
47 11.2
48 14.3
49 8.2
50 10.7
51 12.6
52 5.5
53 9.2
54 12.6
55 11.7
56 10.0
57 14.7
58 7.5
59 10.1
60 10.5
61 6.3
62 8.7
63 13.7
64 8.3
65 10.8
66 6.1
67 16.3
68 10.6
69 5.7
70 15.2
71 11.1
72 5.5
73 3.7
74 10.5
75 8.5
76 7.0
77 7.8
78 10.8
79 9.0
80 14.4
81 10.2
82 10.9
83 44.5
84 11.3
85 8.5
86 14.6
87 11.2
88 15.3
89 13.1
90 9.0
91 7.9
92 8.9
93 6.2
94 8.4
95 9.7
96 9.1
97 8.8
98 10.6
99 8.7
100 12.4
101 7.5
102 11.9
103 9.2
104 10.3
105 17.6
106 16.8
107 11.2
108 151.2
109 9.3
110 13.1
111 14.6
112 9.7
113 11.1
114 9.6
115 350.7
116 9.1
117 9.2
118 6.4
119 3.0
120 16.4
121 11.5
122 10.3
123 17.2
124 9.8
125 10.0
126 12.0
127 3.0
128 25.9
129 14.6
130 11.6
131 13.4
132 12.3
133 12.0
134 9.9
135 11.3
136 13.1
137 9.1
138 12.0
139 11.8
140 7.9
141 8.6
142 9.8
143 8.1
144 6.0
145 11.6
146 10.1
147 14.0
148 13.9
149 5.7
150 9.3
151 13.4
152 13.5
153 17.1
154 9.2
155 79.6
156 14.9
157 12.2
158 8.3
159 7.8
160 6.2
161 5.7
162 13.8
163 10.8
164 8.0
165 12.8
166 14.3
167 7.4
168 6.4
169 12.9
170 10.7
171 14.3
172 64.2
173 6.8
174 16.2
175 11.9
176 18.7
177 18.5
178 14.7
179 7.4
180 14.9
181 11.5
182 12.6
183 5.8
184 10.4
185 11.1
186 12.4
187 5.5
188 14.3
189 12.4
190 4.7
191 11.3
192 15.0
193 7.7
0 5.2
1 5.3
2 1.4
3 2.6
4 3.6
5 2.3
6 4.4
7 0.9
9 2.1
10 3.0
11 13.8
12 2.0
13 0.7
14 2.4
15 0.5
16 0.7
17 5.6
18 1.3
19 1.1
20 1.7
21 2.1
22 3.9
23 3.0
24 2.6
25 0.7
26 1.9
27 0.8
29 1.5
30 3.6
32 2.6
33 1.4
35 1.9
36 1.6
37 1.6
38 0.6
39 0.9
40 1.6
41 4.0
43 1.0
44 1.3
45 1.4
46 2.7
47 5.7
48 3.0
49 5.0
51 1.5
52 0.3
54 5.2
55 4.0
58 0.4
59 0.7
60 1.2
62 0.7
63 1.0
65 0.8
66 0.6
67 1.0
71 1.5
72 1.6
73 2.5
74 2.4
75 1.7
76 0.5
77 1.0
78 2.1
80 2.6
81 0.9
82 1.2
83 3.6
84 1.1
85 1.7
86 1.0
87 1.0
88 1.9
90 3.6
91 2.9
92 1.0
93 1.4
94 0.8
96 0.8
97 1.3
98 2.7
99 6.7
100 2.2
101 0.8
102 2.7
104 1.2
105 7.3
106 0.5
108 16.2
111 1.6
113 1.3
115 16.3
116 1.3
117 2.5
119 1.0
122 0.9
123 4.5
124 0.9
125 1.8
126 2.9
128 8.1
130 0.3
131 1.1
132 1.2
133 3.9
134 0.3
136 3.3
137 1.1
139 0.4
140 3.2
142 2.2
143 4.7
144 0.9
145 0.9
146 1.4
148 2.2
149 0.4
151 0.4
153 1.6
154 1.5
155 8.0
156 1.5
158 2.3
159 0.1
160 0.3
161 2.6
162 1.6
163 1.3
164 0.2
165 1.1
166 0.2
167 3.5
170 0.1
171 2.5
172 13.6
174 1.5
175 4.0
176 6.9
177 2.2
178 1.1
179 0.4
181 2.7
182 0.6
183 1.8
184 0.4
185 3.0
187 0.5
188 2.2
189 1.0
191 1.0
193 0.4
0 5.2
1 4.2
2 6.5
3 5.0
4 4.7
5 3.3
6 5.0
7 6.8
8 4.4
9 5.3
10 5.9
11 10.1
12 6.0
13 5.8
14 6.5
15 4.9
16 6.1
17 5.9
18 5.2
19 2.0
20 7.4
21 4.7
22 4.8
23 3.0
24 5.3
25 6.2
26 5.4
27 5.0
28 6.5
29 2.5
30 4.8
31 3.4
32 5.7
33 2.0
34 7.2
35 6.8
36 4.8
37 8.3
38 5.5
39 6.6
40 4.8
41 7.1
42 5.2
43 2.0
44 6.6
45 6.3
46 4.6
47 7.1
48 5.0
49 3.2
50 5.7
51 6.0
52 3.2
53 3.0
54 8.2
55 3.7
56 3.6
57 4.0
58 3.8
59 3.2
60 4.8
61 2.9
62 3.7
63 2.4
64 2.3
65 4.1
66 2.4
67 4.4
68 1.5
69 2.9
70 2.3
71 4.0
72 4.4
73 4.0
74 3.2
75 4.2
76 1.4
77 2.8
78 5.7
79 1.9
80 4.7
81 4.3
82 3.8
83 4.3
84 5.4
85 6.2
86 2.0
87 2.9
88 4.6
89 1.4
90 5.6
91 7.3
92 3.2
93 3.5
94 1.8
95 0.3
96 2.5
97 3.7
98 5.4
99 7.1
100 4.6
101 1.5
102 3.6
104 2.6
105 3.4
106 2.9
107 1.0
108 7.8
109 0.3
111 4.4
112 0.4
113 2.1
115 11.4
116 3.2
117 3.6
119 2.7
122 0.5
123 4.2
124 1.8
125 2.8
126 4.3
127 2.4
128 7.1
129 0.5
130 0.7
131 3.6
132 4.4
133 6.1
134 2.5
136 2.1
137 3.3
138 0.6
139 3.2
140 4.4
141 0.3
142 4.2
143 4.3
144 2.2
145 3.6
146 4.9
148 3.2
149 2.5
150 0.4
151 3.5
153 3.2
154 5.0
155 7.6
156 3.2
158 2.3
160 2.5
161 3.5
162 3.1
163 3.9
164 0.6
165 4.3
166 0.8
167 5.5
170 0.4
171 5.6
172 3.8
174 4.5
175 4.9
176 8.4
177 5.2
178 3.8
179 1.3
181 4.5
182 2.2
183 6.0
184 2.8
185 4.3
186 0.4
187 3.6
188 4.7
189 3.2
191 2.6
193 1.9
0 4.9
1 4.1
2 4.4
3 6.8
4 7.2
5 4.8
6 4.4
7 4.5
8 5.2
9 7.3
10 4.4
11 11.4
12 5.3
13 4.7
14 8.0
15 5.6
16 5.1
17 6.2
18 4.9
19 3.7
20 3.7
21 3.7
22 4.5
23 4.1
24 7.6
25 4.6
26 5.7
27 4.3
28 6.6
29 3.5
30 4.3
31 5.0
32 5.1
33 3.0
34 4.2
35 6.9
36 6.5
37 4.3
38 3.8
39 5.4
40 6.1
41 5.2
42 4.5
43 3.0
44 7.7
45 6.0
46 7.5
47 5.5
48 4.1
49 3.4
50 3.6
51 7.1
52 5.4
53 4.4
54 6.5
55 5.2
56 5.3
57 5.1
58 5.2
59 4.6
60 4.7
61 5.5
62 5.6
63 3.8
64 4.6
65 4.9
66 6.2
67 6.4
68 5.1
69 5.8
70 4.7
71 4.2
72 6.7
73 6.0
74 4.5
75 7.4
76 6.1
77 5.9
78 5.5
79 3.1
80 6.3
81 4.8
82 4.6
83 4.9
84 4.6
85 5.3
86 3.0
87 4.4
88 6.6
89 5.0
90 6.0
91 7.1
92 6.1
93 5.3
94 4.4
95 4.2
96 5.5
97 4.5
98 5.9
99 6.9
100 5.5
101 4.8
102 6.4
103 7.3
104 5.8
105 5.9
106 6.9
107 5.8
108 11.8
109 3.9
110 5.0
111 4.0
112 6.3
113 3.0
114 7.2
115 12.7
116 4.7
117 6.9
118 7.2
119 5.6
120 4.9
121 5.9
122 8.4
123 3.6
124 6.7
125 3.3
126 6.6
127 6.5
128 11.2
129 7.0
130 2.9
131 2.5
132 5.7
133 8.3
134 8.7
135 6.7
136 2.6
137 6.1
138 4.0
139 6.0
140 5.3
141 5.2
142 5.2
143 6.4
144 4.3
145 7.9
146 5.2
147 3.3
148 4.5
149 4.9
150 5.0
151 6.7
152 5.2
153 4.0
154 5.0
155 10.2
156 3.3
157 5.6
158 5.0
159 8.0
160 6.3
161 4.7
162 5.0
163 4.9
164 4.3
165 5.7
166 6.6
167 8.3
168 7.8
169 6.9
170 4.1
171 5.8
172 4.0
173 3.2
174 4.7
175 6.5
176 12.5
177 6.8
178 4.4
179 6.0
180 6.4
181 7.2
182 5.7
183 3.8
184 4.8
185 5.4
186 4.8
187 5.9
188 5.8
189 4.5
190 2.5
191 4.6
192 5.7
193 5.2
0 9.7
1 5.7
2 5.6
3 4.7
4 5.8
5 6.0
6 5.2
7 3.5
8 5.3
9 9.1
10 3.9
11 33.6
12 5.2
13 6.1
14 8.2
15 4.5
16 3.2
17 7.3
18 5.3
19 4.3
20 5.1
21 5.0
22 5.3
23 6.3
24 10.3
25 5.8
26 6.2
27 4.5
28 6.1
29 4.1
30 9.1
31 6.4
32 4.3
33 4.0
34 4.3
35 7.1
36 9.4
37 7.9
38 3.6
39 8.3
40 4.8
41 7.5
42 4.4
43 4.0
44 6.4
45 6.5
46 7.2
47 6.3
48 5.6
49 5.4
50 5.8
51 8.4
52 3.5
53 4.5
54 10.3
55 4.1
56 5.1
57 7.3
58 6.0
59 5.6
60 5.9
61 4.9
62 5.7
63 4.6
64 6.1
65 6.7
66 6.8
67 4.4
68 5.5
69 4.8
70 6.8
71 6.1
72 8.9
73 7.9
74 5.6
75 7.5
76 8.8
77 5.4
78 7.5
79 4.6
80 10.3
81 5.6
82 6.9
83 7.5
84 7.6
85 7.0
86 4.0
87 5.0
88 5.9
89 5.2
90 7.2
91 7.0
92 5.2
93 4.7
94 8.1
95 4.8
96 7.1
97 6.7
98 9.1
99 8.7
100 6.3
101 7.1
102 7.9
103 5.6
104 5.1
105 5.7
106 7.9
107 10.2
108 35.8
109 6.1
110 8.1
111 11.0
112 9.0
113 4.0
114 7.4
115 40.5
116 7.4
117 8.3
118 7.4
119 6.8
120 8.2
121 7.7
122 8.3
123 5.2
124 12.0
125 4.1
126 6.6
127 5.7
128 14.0
129 8.5
130 8.9
131 4.6
132 5.7
133 11.0
134 4.5
135 8.5
136 3.9
137 7.5
138 6.0
139 8.1
140 5.6
141 8.1
142 6.7
143 7.6
144 8.0
145 8.5
146 7.2
147 9.1
148 6.3
149 6.2
150 5.9
151 7.3
152 8.5
153 5.5
154 7.7
155 15.8
156 5.5
157 8.4
158 4.8
159 7.8
160 5.8
161 6.9
162 6.3
163 4.8
164 7.8
165 6.8
166 5.5
167 10.6
168 10.2
169 10.2
170 8.3
171 8.3
172 22.9
173 9.5
174 4.3
175 6.5
176 21.5
177 7.6
178 6.5
179 6.3
180 12.0
181 6.8
182 7.2
183 6.3
184 3.3
185 7.3
186 9.0
187 7.8
188 7.7
189 7.3
190 9.7
191 5.8
192 8.6
193 5.4
2 0.6
5 1.0
168 0.1
73 2.2
74 3.4
75 1.4
13 2.6
144 0.1
145 0.2
50 2.2
169 0.2
56 3.0
121 0.1
122 0.2
189 1.2
62 1.7
159 1.8
2 0.6
4 1.0
5 1.9
167 0.1
168 0.2
73 2.4
74 4.2
75 1.4
13 3.2
143 0.1
144 0.2
120 0.1
50 2.7
56 3.7
121 0.2
189 1.3
62 2.0
159 2.2
0 1.7
2 0.6
4 1.0
5 2.9
167 0.1
168 0.2
73 2.5
74 4.9
75 1.4
13 3.7
143 0.1
144 0.2
120 0.1
50 3.1
56 4.3
121 0.2
189 1.3
62 2.2
159 2.5
0 2.6
2 0.6
4 1.0
5 3.7
6 1.0
167 0.1
168 0.2
73 2.6
74 5.6
75 1.4
13 4.2
143 0.1
144 0.2
120 0.1
50 3.5
56 4.9
121 0.2
189 1.3
62 2.4
159 2.8
0 2.8
2 0.6
4 1.0
5 4.6
6 1.0
167 0.1
168 0.2
73 2.7
74 6.6
75 1.4
13 4.7
143 0.1
144 0.2
120 0.1
50 3.9
7 1.0
56 5.8
121 0.2
189 1.3
62 2.6
159 3.1
0 3.3
2 0.6
4 1.0
5 5.6
6 1.0
7 1.0
8 1.0
13 5.2
143 0.1
144 0.2
159 3.4
167 0.1
168 0.2
50 4.3
56 6.5
189 1.3
62 2.8
73 2.8
74 7.4
75 1.4
120 0.1
121 0.2
0 4.0
128 0.2
4 3.4
5 6.7
6 4.0
135 2.5
8 2.4
9 2.8
12 0.2
13 0.8
18 1.1
21 0.1
22 0.1
27 1.3
30 1.3
159 0.6
160 1.8
161 5.2
162 0.8
155 1.1
165 6.3
170 0.4
7 2.8
48 0.4
50 0.7
51 7.9
53 0.9
54 0.3
56 0.9
186 0.2
59 0.2
189 1.0
62 1.2
70 0.7
71 1.1
73 1.9
74 1.1
75 1.8
141 0.9
184 0.1
83 1.1
87 0.5
92 0.4
101 2.2
110 0.3
117 0.5
119 0.3
124 0.5
0 2.9
128 0.9
2 0.6
3 0.8
4 2.7
5 6.8
6 3.6
135 2.1
8 2.7
9 2.6
10 1.7
11 1.9
12 2.4
13 1.0
14 1.6
17 0.5
18 1.8
147 0.2
21 0.8
155 2.6
1 0.4
29 0.1
30 2.2
159 0.6
160 2.7
161 5.6
162 1.3
27 2.1
164 0.3
165 7.4
133 0.3
169 0.4
170 0.6
7 3.7
45 0.1
46 0.1
48 0.9
50 0.7
51 10.3
53 0.9
54 0.5
56 0.9
186 0.3
59 0.2
189 1.7
62 1.2
63 0.6
70 0.8
71 0.7
73 3.2
74 1.2
75 1.9
141 1.3
83 0.9
85 0.5
87 0.9
91 0.2
92 0.2
97 1.0
101 2.7
103 0.4
110 0.3
117 0.8
119 0.3
121 0.4
124 0.4
149 0.1
12 1.1
172 0.7
49 0.9
55 1.3
57 2.0
58 0.2
60 1.1
61 2.7
62 0.8
63 0.9
64 1.4
65 2.6
66 2.2
67 1.6
68 0.5
69 1.0
70 0.9
202 0.8
75 0.6
86 1.7
87 1.6
88 0.9
0 1.1
1 1.3
4 0.5
7 0.1
8 1.0
12 1.6
172 1.1
49 1.3
55 1.9
57 4.2
58 0.3
60 2.8
61 5.0
62 1.4
63 2.0
64 2.6
65 4.4
66 4.1
67 3.2
68 2.2
69 2.0
70 1.5
202 1.2
75 1.0
86 2.9
87 2.2
88 2.1
0 1.3
1 2.0
4 0.9
5 1.4
6 0.8
7 1.0
8 1.9
9 1.0
12 2.3
13 1.7
172 1.6
49 1.9
55 2.7
57 6.0
58 1.0
59 0.3
60 3.1
61 5.6
62 2.1
63 2.7
64 3.3
65 6.9
66 5.8
67 4.6
68 2.4
69 3.4
70 2.7
202 2.1
75 1.3
86 3.9
87 3.1
88 1.7
0 1.8
1 2.1
2 1.0
4 1.2
5 2.2
6 1.5
7 1.2
8 2.5
9 1.1
10 2.1
11 0.7
12 2.8
13 1.0
14 1.0
18 1.7
172 1.7
49 2.4
55 3.5
57 7.8
58 1.0
59 0.4
60 5.1
61 7.9
62 2.1
63 2.9
64 3.8
65 9.3
66 7.8
67 5.5
68 2.3
69 4.5
70 3.2
202 2.5
75 1.3
86 5.3
87 4.0
88 1.8
0 1.7
1 2.2
2 1.0
4 0.8
5 3.0
6 2.5
7 1.0
8 1.2
9 1.1
10 3.6
11 0.8
12 3.8
13 1.0
14 2.3
15 1.0
16 1.0
17 1.0
18 1.0
19 1.3
23 1.0
172 1.9
49 3.1
55 4.2
57 9.4
58 1.1
59 0.5
60 6.4
61 10.0
62 2.4
63 3.6
64 5.5
65 11.9
66 9.7
67 6.3
68 2.7
69 5.4
70 3.5
202 2.8
75 1.3
86 6.1
87 4.8
88 2.6
0 1.5
1 1.8
2 0.9
4 0.7
5 4.0
6 3.4
7 1.0
8 1.8
9 1.1
10 5.3
11 1.8
12 5.5
13 4.1
14 3.8
15 1.8
16 2.0
17 1.8
18 1.0
19 1.4
20 1.0
21 1.4
23 1.0
24 1.4
28 1.4
172 1.5
49 2.8
55 4.3
57 10.9
58 0.8
59 0.5
60 6.4
61 11.8
62 2.8
63 3.5
64 6.1
65 12.6
66 11.3
67 8.2
68 2.1
69 6.4
70 4.2
202 2.6
75 1.3
86 6.9
87 5.1
88 2.0
0 1.3
1 2.3
2 0.9
4 1.2
5 4.2
6 3.9
7 1.0
8 3.9
9 1.6
10 4.3
11 2.1
12 5.2
13 2.3
14 3.8
15 1.6
16 3.3
17 3.0
18 1.1
19 2.0
20 2.2
21 1.4
23 2.1
24 2.7
25 1.3
27 0.5
28 1.2
29 1.0
31 1.9
33 3.6
172 1.3
49 3.5
55 4.3
57 13.8
58 0.9
59 0.5
60 7.0
61 13.7
62 2.7
63 3.7
64 7.1
65 13.8
66 12.7
67 8.8
68 1.9
69 7.3
70 4.2
202 2.5
75 1.3
86 7.8
87 5.1
88 1.7
0 1.0
1 2.5
2 1.6
4 1.4
5 3.8
6 3.8
7 1.0
8 4.2
9 1.4
10 5.0
11 2.3
12 6.6
13 3.5
14 4.6
15 2.0
16 2.8
17 3.1
18 3.4
19 1.5
20 3.4
21 1.4
23 3.5
24 2.9
25 1.7
27 0.5
28 3.2
29 1.0
30 0.5
31 1.2
32 3.3
33 3.8
34 1.0
36 1.4
38 1.5
172 1.2
49 3.4
55 4.6
57 14.3
58 0.8
59 0.6
60 8.0
61 15.3
62 2.3
63 4.2
64 9.6
65 13.5
66 13.1
67 8.6
68 2.4
69 8.6
70 4.9
202 2.3
75 1.3
86 8.6
87 5.4
88 1.2
0 1.0
1 2.6
2 1.5
4 2.0
5 4.2
6 4.2
7 5.1
8 3.9
9 1.0
10 4.6
11 2.6
12 6.5
13 3.7
14 4.9
15 2.0
16 2.8
17 3.6
18 4.1
19 2.3
20 2.9
21 1.4
23 1.0
24 3.7
25 1.7
27 1.1
28 3.8
29 1.0
30 0.6
31 2.0
32 1.9
33 4.1
34 1.0
35 1.0
36 4.7
37 1.0
38 2.7
39 2.4
41 2.5
43 2.2
172 0.8
49 2.6
55 4.8
57 14.9
58 1.5
59 0.5
60 8.3
61 17.3
62 3.3
63 4.8
64 8.7
65 14.3
66 13.9
67 9.8
68 2.9
69 9.1
70 5.1
202 2.2
75 1.2
86 9.0
87 6.4
88 0.8
0 1.2
1 2.5
2 1.1
4 1.4
5 4.5
6 4.2
7 1.6
8 6.2
9 1.5
10 6.4
11 2.2
12 8.0
13 1.3
14 6.2
15 1.0
16 3.9
17 2.6
18 1.5
19 1.7
20 3.6
21 1.5
23 1.5
24 4.4
25 1.0
27 1.2
28 4.4
29 1.0
30 1.2
31 4.4
32 3.9
33 3.3
34 1.0
35 1.0
36 2.4
37 4.7
38 2.5
39 1.2
40 3.0
41 1.4
42 4.1
43 1.7
172 1.1
46 2.7
44 2.9
48 2.6
49 3.3
55 5.3
57 16.1
58 1.5
59 0.5
60 9.0
61 18.2
62 2.7
63 4.6
64 8.9
65 18.1
66 15.4
67 9.3
68 2.7
69 10.0
70 5.6
202 2.2
75 1.4
86 10.0
87 6.8
88 0.7
0 1.0
1 2.7
2 2.7
4 1.5
5 5.0
6 3.2
7 1.6
8 1.0
9 1.1
10 6.2
11 2.0
12 8.5
13 4.7
14 3.3
15 1.1
16 3.6
17 4.3
18 1.0
19 2.0
20 3.9
21 1.6
23 2.7
24 4.4
25 1.9
26 0.3
27 1.5
28 3.4
29 1.0
30 1.4
31 1.9
32 3.1
33 6.1
34 2.8
35 1.7
36 5.4
37 2.7
38 1.9
39 5.3
40 1.0
41 4.0
42 2.2
43 3.5
172 1.0
45 1.0
46 2.1
44 3.3
48 2.0
49 4.7
51 1.9
53 2.0
55 6.2
57 17.0
58 2.4
59 0.8
60 9.6
61 20.3
62 3.9
63 4.3
64 10.8
65 19.4
66 15.4
67 9.9
68 3.1
69 11.0
70 6.2
202 1.9
75 1.4
86 11.0
87 7.4
88 0.4
47 1.9
0 1.0
1 2.7
2 2.0
4 1.7
5 3.7
6 3.9
7 1.6
8 4.5
9 1.1
10 4.6
11 1.9
12 9.7
13 3.2
14 3.6
15 3.1
16 4.7
17 2.5
18 1.4
19 1.5
20 4.5
21 1.5
23 2.4
24 4.3
25 2.2
26 1.2
27 1.4
28 2.6
29 1.0
30 3.2
31 5.3
32 5.2
33 3.3
34 1.0
35 1.0
36 4.1
37 3.3
38 2.5
39 1.0
40 1.0
41 4.3
42 4.4
43 1.5
172 0.9
45 5.3
46 3.9
44 2.5
48 1.0
49 4.9
50 3.9
51 3.0
52 3.6
53 1.9
54 1.2
55 7.7
56 2.7
57 18.2
58 4.0
59 0.8
60 7.5
61 22.2
62 2.5
63 4.5
64 9.4
65 21.6
66 19.6
67 10.2
68 2.0
69 12.0
70 6.9
202 1.8
75 1.4
86 11.0
87 7.8
88 0.5
47 3.0
0 1.1
1 2.8
2 4.8
4 1.6
5 3.7
6 4.6
7 1.0
8 4.9
9 1.5
10 4.2
11 2.3
12 10.3
13 1.0
14 4.0
15 1.8
16 3.3
17 2.3
18 2.2
19 1.5
20 3.7
21 1.6
23 4.5
24 4.4
25 3.6
26 2.3
27 3.2
28 1.2
29 1.0
30 4.2
31 1.4
32 3.9
33 3.0
34 1.8
35 1.0
36 2.1
37 3.1
38 3.6
39 1.0
40 1.0
41 3.2
42 3.8
43 5.5
172 0.8
45 4.9
46 1.0
47 3.8
48 4.5
49 6.8
50 2.0
51 3.6
52 5.5
53 2.7
54 3.0
55 10.0
56 3.1
57 18.7
58 4.4
59 4.6
60 10.9
61 24.1
62 2.7
63 5.9
64 10.7
65 22.8
66 16.5
67 11.0
68 2.7
69 12.7
70 6.8
202 2.0
75 1.4
86 12.1
87 9.1
88 1.1
44 2.6
0 2.0
1 4.9
2 3.8
3 7.1
4 3.1
5 5.0
6 5.3
7 6.0
8 4.3
9 3.6
10 2.6
11 2.8
12 5.1
13 3.5
14 4.7
15 7.8
16 2.4
17 5.2
18 3.3
19 3.6
20 5.6
21 6.3
22 5.3
23 4.1
24 3.2
25 4.1
26 6.6
27 7.6
28 4.0
29 3.6
30 1.6
31 2.1
32 4.5
33 3.6
34 4.5
35 6.3
36 4.6
37 4.2
38 5.1
39 3.6
40 3.5
41 8.2
42 3.1
43 2.9
44 3.2
45 5.1
46 4.2
47 2.7
48 3.0
49 3.7
50 3.5
51 4.0
52 3.4
53 4.1
54 3.4
55 2.4
56 3.3
57 4.8
58 2.8
59 3.3
60 4.9
61 2.3
62 6.4
63 3.0
64 3.6
65 4.2
66 2.2
67 4.6
68 5.0
69 2.2
70 8.4
71 6.6
72 2.7
73 3.4
74 1.3
75 5.6
76 3.0
77 3.1
78 4.2
79 5.3
80 4.4
81 80.6
82 15.4
83 35.0
84 15.4
85 16.8
86 5.4
87 6.6
88 5.1
89 6.2
90 5.4
91 4.9
92 5.2
93 0.3
94 2.9
95 3.9
96 5.8
97 3.8
98 1.9
99 4.2
100 2.6
101 5.4
102 3.6
103 4.4
104 3.3
105 2.9
106 4.5
107 2.9
108 4.2
109 4.4
110 5.1
111 6.0
112 1.6
113 9.9
114 6.0
115 1.0
116 1.8
117 2.3
118 1.9
119 2.2
120 2.8
121 1.7
122 2.6
123 2.9
124 1.4
125 4.4
126 5.0
127 1.0
128 3.0
129 3.1
130 3.1
131 4.6
132 1.0
133 3.4
134 2.8
135 3.3
136 2.4
137 3.0
138 2.2
139 3.9
140 4.0
141 5.7
142 6.1
143 2.2
144 4.0
145 0.6
146 1.4
147 2.1
148 2.9
149 3.8
150 3.6
151 1.8
152 0.8
153 2.4
154 4.3
155 4.7
156 5.1
157 3.1
158 5.2
159 5.1
160 4.8
161 3.7
162 0.2
163 2.5
164 1.8
165 2.6
166 3.2
167 4.1
168 2.9
169 1.6
170 4.2
171 4.7
172 4.5
173 4.5
174 3.2
175 5.7
176 3.9
177 5.4
178 3.2
179 2.9
180 4.2
181 4.6
182 7.6
183 1.0
184 2.0
185 1.9
186 4.8
187 4.4
188 3.8
189 2.9
190 1.6
191 6.4
192 5.3
193 2.0
194 3.2
195 2.7
196 5.4
197 1.2
198 3.1
199 5.3
200 1.8
201 5.7
202 5.3
203 2.8
204 2.1
205 3.1
206 0.8
0 2.4
1 5.6
2 2.9
3 6.2
4 4.4
5 5.3
6 6.2
7 6.5
8 4.6
9 3.5
10 5.2
11 2.8
12 3.3
13 4.2
14 4.4
15 5.3
16 2.5
17 3.9
18 3.6
19 2.5
20 4.7
21 6.0
22 3.0
23 4.0
24 4.7
25 4.2
26 7.3
27 7.9
28 5.0
29 4.6
30 2.3
31 2.2
32 4.7
33 4.2
34 4.3
35 5.6
36 4.5
37 5.2
38 4.4
39 4.8
40 3.6
41 7.3
42 5.7
43 2.9
44 3.2
45 5.9
46 3.8
47 5.5
48 2.9
49 4.1
50 6.3
51 4.2
52 3.3
53 4.2
54 3.2
55 2.4
56 3.3
57 4.4
58 2.8
59 3.4
60 5.2
61 2.0
62 7.1
63 5.6
64 3.4
65 4.2
66 2.3
67 4.8
68 5.5
69 2.0
70 8.5
71 6.6
72 3.5
73 4.2
74 2.0
75 5.9
76 4.2
77 3.0
78 4.4
79 5.1
80 4.5
81 85.0
82 13.1
83 31.2
84 15.9
85 15.5
86 5.5
87 6.8
88 5.4
89 5.5
90 5.3
91 4.7
92 5.7
93 0.9
94 5.2
95 3.8
96 7.5
97 3.2
98 2.0
99 5.1
100 2.6
101 7.2
102 3.6
103 5.1
104 3.3
105 2.7
106 4.9
107 2.9
108 4.9
109 5.5
110 4.4
111 6.6
112 2.0
113 9.7
114 6.7
115 1.0
116 2.0
117 3.0
118 2.1
119 2.3
120 3.6
121 2.6
122 2.6
123 1.9
124 1.9
125 4.2
126 5.0
127 1.0
128 2.8
129 3.7
130 3.8
131 3.0
132 1.0
133 3.9
134 2.7
135 4.6
136 2.3
137 3.7
138 3.6
139 4.3
140 4.0
141 7.3
142 6.4
143 2.1
144 5.0
145 0.7
146 1.9
147 2.1
148 2.3
149 3.8
150 3.0
151 1.5
152 0.9
153 2.6
154 4.5
155 5.0
156 2.7
157 3.5
158 6.4
159 5.7
160 4.9
161 3.7
162 0.2
163 2.9
164 1.4
165 3.1
166 3.0
167 5.2
168 2.5
169 2.2
170 5.3
171 5.7
172 5.6
173 4.4
174 3.6
175 5.6
176 3.9
177 3.7
178 3.3
179 3.0
180 5.3
181 4.4
182 7.9
183 1.4
184 1.7
185 2.1
186 5.1
187 4.6
188 4.4
189 3.8
190 2.0
191 6.8
192 5.2
193 2.0
194 3.3
195 2.8
196 5.5
197 2.4
198 3.0
199 5.8
200 1.8
201 4.5
202 5.3
203 2.8
204 3.1
205 3.0
206 1.6
0 2.5
1 5.4
2 2.9
3 5.6
4 6.0
5 5.3
6 8.6
7 5.5
8 4.8
9 3.3
10 4.1
11 3.0
12 30.5
13 3.7
14 3.7
15 6.3
16 2.5
17 4.1
18 3.4
19 3.6
20 5.1
21 6.1
22 3.3
23 4.0
24 5.5
25 4.6
26 8.0
27 6.9
28 3.6
29 5.5
30 2.7
31 2.2
32 5.5
33 4.6
34 3.8
35 4.6
36 4.6
37 4.9
38 5.2
39 5.5
40 3.6
41 8.5
42 3.3
43 2.9
44 3.2
45 6.7
46 5.8
47 4.7
48 2.9
49 4.1
50 7.4
51 4.3
52 3.9
53 4.1
54 3.4
55 2.4
56 3.3
57 4.6
58 2.8
59 2.9
60 5.3
61 2.2
62 7.6
63 5.1
64 3.5
65 4.2
66 2.5
67 5.3
68 5.4
69 2.1
70 8.2
71 6.6
72 3.7
73 3.9
74 1.4
75 6.0
76 5.6
77 2.9
78 4.4
79 5.0
80 4.5
81 75.1
82 9.3
83 21.1
84 11.9
85 8.9
86 5.5
87 7.1
88 5.3
89 5.4
90 5.4
91 6.5
92 4.6
93 3.2
94 4.2
95 3.8
96 7.6
97 4.3
98 2.0
99 4.1
100 2.6
101 7.5
102 3.6
103 5.1
104 3.3
105 2.6
106 5.1
107 2.9
108 5.7
109 6.0
110 4.3
111 6.7
112 3.0
113 8.9
114 6.4
115 3.1
116 2.9
117 3.2
118 2.1
119 4.8
120 3.7
121 5.2
122 2.6
123 4.0
124 3.3
125 4.9
126 5.1
127 1.0
128 2.8
129 3.7
130 4.6
131 4.7
132 1.1
133 4.5
134 4.1
135 5.4
136 2.1
137 3.9
138 3.4
139 4.1
140 4.0
141 7.4
142 6.1
143 1.5
144 4.6
145 5.2
146 2.7
147 2.1
148 2.2
149 3.8
150 3.3
151 2.6
152 3.7
153 2.5
154 3.9
155 5.4
156 4.0
157 3.6
158 6.5
159 5.4
160 4.9
161 3.8
162 3.6
163 4.0
164 3.3
165 5.0
166 2.9
167 3.2
168 2.5
169 2.6
170 6.8
171 5.4
172 4.7
173 4.4
174 4.3
175 6.0
176 3.9
177 3.8
178 3.3
179 3.3
180 5.4
181 3.6
182 8.0
183 2.5
184 1.7
185 2.1
186 5.1
187 4.7
188 4.9
189 4.1
190 2.7
191 6.4
192 5.8
193 1.7
194 3.3
195 4.5
196 5.5
197 2.0
198 2.9
199 5.2
200 2.3
201 4.5
202 5.4
203 2.8
204 3.9
205 3.1
206 0.7
0 2.2
1 4.8
2 3.3
3 5.8
4 5.5
5 5.1
6 6.2
7 5.6
8 4.4
9 4.8
10 6.2
11 2.9
12 25.1
13 4.5
14 4.4
15 7.2
16 2.6
17 5.5
18 3.3
19 5.3
20 4.7
21 5.9
22 3.3
23 4.1
24 6.6
25 5.8
26 8.7
27 7.9
28 3.7
29 6.1
30 2.7
31 2.6
32 5.3
33 4.7
34 5.1
35 5.8
36 4.6
37 5.5
38 6.2
39 5.1
40 4.1
41 7.8
42 4.5
43 3.1
44 3.2
45 6.4
46 6.4
47 6.1
48 3.1
49 4.9
50 10.5
51 3.7
52 4.3
53 4.4
54 3.8
55 2.4
56 3.3
57 5.0
58 2.8
59 3.6
60 4.8
61 1.7
62 7.6
63 5.7
64 3.5
65 4.2
66 1.9
67 5.3
68 5.0
69 2.4
70 7.7
71 6.5
72 3.6
73 4.2
74 1.4
75 6.4
76 5.3
77 3.1
78 4.4
79 4.7
80 4.6
81 78.7
82 8.5
83 18.6
84 10.5
85 7.3
86 5.1
87 7.1
88 5.1
89 5.4
90 5.0
91 6.5
92 5.1
93 3.9
94 9.2
95 3.6
96 8.5
97 8.8
98 1.3
99 4.7
100 2.6
101 8.3
102 4.5
103 4.9
104 3.4
105 2.4
106 5.1
107 3.0
108 6.4
109 7.5
110 4.4
111 7.1
112 5.4
113 8.6
114 7.6
115 4.9
116 3.0
117 2.8
118 2.1
119 6.2
120 4.3
121 5.0
122 4.1
123 6.7
124 5.7
125 5.5
126 4.4
127 1.0
128 2.5
129 3.7
130 6.9
131 2.1
132 3.3
133 4.4
134 5.9
135 6.8
136 3.6
137 5.9
138 4.9
139 4.7
140 3.9
141 8.2
142 6.6
143 2.9
144 5.5
145 1.6
146 6.5
147 3.7
148 1.7
149 4.8
150 6.7
151 6.1
152 4.3
153 2.5
154 5.7
155 4.5
156 5.1
157 3.4
158 5.6
159 6.6
160 5.4
161 3.8
162 3.4
163 4.4
164 3.5
165 5.9
166 2.7
167 4.8
168 3.0
169 2.9
170 8.2
171 5.3
172 5.2
173 5.0
174 4.1
175 7.1
176 4.2
177 3.1
178 3.3
179 3.7
180 4.7
181 3.2
182 6.8
183 4.6
184 1.8
185 2.1
186 5.8
187 4.9
188 4.2
189 5.5
190 4.5
191 6.9
192 6.6
193 5.5
194 3.4
195 5.6
196 5.8
197 3.8
198 3.0
199 5.3
200 2.9
201 4.8
202 5.5
203 2.8
204 3.7
205 3.5
206 2.4
0 2.2
1 5.5
2 3.4
3 7.1
4 3.9
5 5.1
6 6.4
7 5.8
8 4.6
9 4.9
10 7.8
11 2.9
12 26.0
13 5.4
14 5.1
15 7.6
16 2.6
17 6.4
18 3.3
19 4.4
20 4.8
21 7.4
22 3.7
23 4.1
24 5.8
25 5.9
26 8.4
27 7.6
28 3.7
29 7.1
30 2.6
31 2.2
32 5.4
33 4.6
34 4.7
35 5.9
36 4.6
37 5.0
38 6.6
39 4.2
40 5.1
41 7.4
42 5.5
43 3.1
44 3.2
45 6.3
46 8.6
47 5.0
48 3.2
49 5.5
50 8.8
51 3.8
52 4.7
53 4.5
54 3.4
55 2.4
56 3.3
57 5.0
58 2.8
59 4.5
60 5.2
61 1.8
62 8.5
63 6.0
64 3.6
65 4.2
66 2.4
67 5.4
68 5.2
69 2.4
70 7.3
71 6.3
72 3.8
73 5.0
74 1.4
75 7.2
76 5.5
77 2.9
78 4.4
79 5.3
80 4.6
81 82.5
82 8.7
83 19.6
84 11.5
85 8.4
86 5.2
87 7.3
88 5.1
89 5.5
90 4.6
91 5.6
92 5.0
93 5.9
94 10.8
95 3.5
96 7.9
97 10.2
98 1.3
99 4.4
100 2.5
101 9.2
102 5.2
103 5.4
104 3.4
105 2.4
106 5.1
107 3.0
108 6.5
109 8.6
110 4.4
111 6.2
112 7.0
113 8.7
114 8.3
115 7.0
116 1.8
117 2.8
118 2.1
119 5.9
120 6.4
121 4.8
122 5.6
123 8.0
124 3.9
125 6.9
126 5.1
127 1.0
128 2.6
129 3.7
130 8.3
131 3.1
132 4.3
133 6.4
134 6.4
135 6.8
136 5.0
137 6.6
138 6.7
139 5.9
140 3.9
141 9.3
142 5.8
143 4.6
144 6.1
145 7.2
146 8.4
147 4.8
148 1.7
149 5.8
150 4.9
151 7.5
152 5.7
153 2.5
154 5.4
155 4.8
156 5.4
157 3.0
158 5.6
159 7.1
160 6.4
161 3.9
162 6.7
163 4.5
164 7.7
165 8.0
166 2.7
167 5.0
168 2.7
169 3.3
170 8.0
171 7.0
172 5.6
173 5.6
174 4.6
175 6.0
176 4.7
177 3.3
178 3.3
179 4.0
180 6.6
181 3.0
182 6.8
183 4.8
184 1.8
185 2.3
186 6.5
187 4.9
188 3.4
189 7.1
190 5.5
191 7.4
192 7.7
193 5.9
194 3.4
195 7.6
196 6.1
197 4.4
198 3.7
199 5.9
200 2.8
201 6.2
202 5.5
203 2.8
204 4.1
205 3.5
206 6.1
0 1.7
1 5.5
2 3.4
3 7.6
4 8.3
5 5.1
6 5.2
7 6.3
8 4.4
9 5.7
10 7.3
11 3.4
12 36.2
13 5.5
14 5.4
15 9.4
16 3.2
17 3.5
18 4.3
19 11.3
20 6.4
21 5.9
22 4.1
23 4.4
24 6.3
25 7.0
26 8.8
27 8.5
28 6.7
29 7.2
30 3.1
31 3.5
32 4.4
33 4.4
34 5.3
35 6.4
36 5.6
37 5.3
38 4.2
39 4.6
40 4.9
41 7.2
42 8.1
43 3.0
44 3.2
45 9.1
46 7.4
47 4.8
48 3.7
49 5.9
50 9.7
51 4.6
52 5.2
53 4.5
54 5.2
55 2.5
56 4.2
57 5.1
58 2.8
59 4.6
60 5.0
61 2.4
62 9.2
63 7.1
64 3.4
65 5.1
66 5.0
67 4.5
68 4.6
69 2.5
70 8.2
71 7.9
72 4.4
73 2.8
74 3.1
75 7.6
76 6.7
77 5.2
78 4.8
79 6.1
80 4.6
81 105.9
82 7.4
83 27.3
84 12.6
85 10.2
86 5.3
87 7.2
88 7.6
89 6.0
90 6.1
91 6.5
92 6.7
93 7.0
94 9.3
95 3.6
96 8.1
97 8.2
98 1.3
99 4.8
100 2.6
101 8.8
102 6.1
103 5.0
104 3.4
105 2.3
106 5.1
107 3.1
108 6.5
109 9.0
110 4.1
111 8.8
112 8.0
113 9.5
114 6.4
115 8.5
116 4.0
117 3.0
118 4.1
119 5.2
120 5.1
121 6.1
122 7.0
123 6.1
124 4.9
125 8.0
126 6.6
127 1.0
128 3.3
129 4.1
130 6.6
131 3.9
132 6.4
133 6.9
134 6.8
135 6.3
136 4.1
137 4.6
138 8.9
139 5.2
140 4.3
141 8.5
142 6.9
143 4.6
144 5.1
145 4.6
146 8.2
147 6.4
148 1.6
149 7.6
150 6.5
151 7.9
152 6.6
153 2.8
154 4.4
155 5.4
156 6.5
157 3.0
158 5.6
159 6.8
160 6.2
161 3.9
162 8.9
163 5.8
164 6.9
165 8.8
166 3.7
167 6.2
168 3.4
169 4.7
170 8.3
171 5.1
172 4.2
173 6.0
174 4.2
175 7.5
176 4.8
177 4.8
178 3.4
179 4.7
180 8.1
181 2.1
182 9.8
183 6.0
184 2.1
185 2.2
186 6.8
187 4.5
188 4.2
189 4.5
190 5.5
191 6.8
192 6.1
193 7.9
194 3.3
195 8.6
196 6.7
197 4.9
198 3.6
199 7.3
200 3.0
201 6.7
202 6.3
203 3.9
204 5.2
205 3.3
206 8.6
0 1.7
1 6.0
2 3.9
3 9.2
4 10.4
5 5.5
6 6.6
7 8.0
8 5.1
9 5.9
10 12.7
11 2.3
12 6.5
13 7.6
14 6.3
15 11.6
16 3.8
17 5.1
18 5.8
19 13.1
20 7.4
21 6.9
22 5.3
23 5.8
24 10.8
25 7.0
26 13.7
27 10.0
28 8.3
29 9.4
30 3.3
31 4.1
32 6.7
33 6.2
34 8.9
35 6.6
36 7.2
37 5.8
38 4.8
39 4.2
40 6.2
41 10.3
42 10.2
43 3.3
44 3.1
45 10.5
46 10.8
47 5.8
48 5.6
49 5.0
50 12.5
51 8.4
52 5.3
53 6.2
54 4.6
55 5.3
56 4.2
57 5.0
58 4.5
59 4.5
60 7.8
61 2.7
62 9.3
63 8.0
64 5.3
65 6.3
66 6.4
67 4.7
68 6.2
69 2.6
70 11.7
71 8.3
72 4.4
73 3.0
74 3.8
75 9.9
76 7.8
77 6.5
78 5.9
79 7.5
80 4.3
81 4.8
82 6.5
83 6.0
84 10.3
85 4.8
86 6.9
87 9.3
88 6.6
89 6.1
90 6.9
91 6.5
92 9.3
93 4.8
94 5.0
95 3.8
96 7.1
97 11.7
98 1.2
99 6.9
100 3.6
101 11.8
102 8.5
103 6.9
104 6.5
105 3.2
106 6.1
107 3.9
108 6.1
109 10.4
110 6.0
111 9.0
112 11.9
113 10.3
114 8.2
115 18.6
116 6.4
117 2.8
118 6.3
119 8.4
120 8.5
121 9.3
122 10.4
123 9.3
124 6.2
125 26.1
126 59.5
127 2.4
128 5.0
129 5.1
130 10.7
131 5.2
132 9.0
133 45.2
134 12.8
135 13.7
136 6.6
137 33.8
138 7.7
139 20.3
140 6.8
141 8.5
142 10.0
143 5.9
144 6.7
145 6.0
146 16.6
147 76.3
148 1.8
149 9.3
150 11.5
151 11.7
152 12.6
153 3.5
154 5.3
155 6.6
156 8.5
157 3.9
158 7.0
159 7.9
160 8.8
161 6.9
162 12.2
163 3.4
164 12.7
165 11.3
166 6.7
167 7.5
168 5.4
169 6.1
170 10.6
171 6.9
172 7.1
173 9.2
174 6.0
175 10.4
176 7.1
177 6.4
178 5.4
179 6.4
180 10.8
181 3.6
182 12.5
183 7.9
184 2.1
185 2.7
186 8.7
187 4.7
188 8.8
189 5.7
190 14.3
191 8.4
192 8.4
193 10.0
194 6.3
195 7.5
196 10.5
197 10.5
198 4.9
199 10.4
200 2.9
201 7.8
202 9.8
203 4.1
204 7.6
205 3.5
206 14.8
0 1.7
1 6.3
2 4.9
3 10.7
4 15.1
5 6.2
6 5.0
7 7.6
8 5.6
9 6.5
10 12.1
11 2.2
12 7.5
13 10.1
14 8.2
15 15.0
16 3.2
17 7.1
18 6.9
19 11.9
20 7.3
21 6.5
22 6.5
23 7.8
24 13.3
25 9.5
26 15.9
27 16.7
28 3.6
29 12.2
30 4.9
31 5.1
32 9.8
33 7.9
34 10.6
35 8.1
36 9.4
37 6.1
38 6.1
39 6.8
40 8.1
41 9.8
42 8.1
43 3.4
44 3.1
45 13.9
46 11.0
47 7.2
48 7.1
49 5.4
50 5.3
51 11.3
52 5.7
53 7.9
54 4.7
55 7.7
56 4.2
57 6.5
58 7.3
59 7.4
60 12.2
61 4.1
62 9.8
63 7.7
64 7.0
65 7.1
66 7.4
67 6.7
68 7.3
69 2.6
70 13.1
71 10.1
72 4.4
73 3.5
74 4.4
75 11.6
76 10.0
77 5.3
78 6.2
79 10.0
80 4.5
81 8.1
82 8.7
83 8.2
84 14.7
85 5.9
86 9.5
87 11.4
88 8.3
89 7.5
90 7.9
91 9.7
92 13.9
93 5.7
94 8.2
95 3.8
96 8.6
97 15.2
98 1.4
99 9.6
100 4.6
101 5.1
102 10.4
103 5.4
104 9.9
105 4.4
106 7.0
107 5.4
108 7.5
109 8.1
110 7.3
111 14.7
112 13.4
113 11.7
114 9.5
115 6.7
116 7.0
117 4.4
118 7.5
119 8.6
120 13.1
121 9.1
122 12.3
123 11.2
124 6.6
125 34.7
126 83.1
127 2.3
128 5.6
129 6.5
130 11.8
131 5.2
132 10.4
133 83.7
134 13.5
135 20.1
136 7.4
137 48.9
138 9.3
139 27.1
140 9.3
141 9.0
142 11.6
143 6.6
144 9.6
145 7.8
146 16.2
147 113.2
148 2.7
149 11.3
150 8.8
151 11.5
152 9.9
153 4.5
154 6.3
155 8.0
156 11.8
157 5.1
158 9.9
159 8.7
160 12.0
161 9.8
162 14.8
163 4.4
164 10.4
165 12.8
166 9.2
167 8.4
168 6.9
169 7.9
170 9.2
171 4.8
172 7.9
173 11.8
174 6.0
175 15.1
176 11.4
177 7.9
178 7.1
179 11.6
180 21.5
181 4.7
182 15.3
183 9.1
184 2.1
185 3.8
186 9.7
187 5.1
188 8.0
189 6.3
190 9.3
191 7.1
192 8.4
193 11.5
194 8.3
195 7.5
196 11.4
197 11.9
198 4.9
199 14.6
200 4.0
201 11.5
202 12.7
203 4.1
204 8.0
205 4.5
206 18.7
0 1.9
1 6.3
2 6.1
3 12.7
4 18.6
5 6.8
6 5.0
7 9.1
8 6.2
9 7.7
10 13.6
11 2.2
12 9.0
13 12.3
14 10.2
15 18.4
16 3.6
17 8.7
18 8.1
19 15.2
20 9.3
21 8.0
22 7.9
23 9.5
24 16.0
25 9.8
26 17.3
27 19.7
28 6.4
29 14.6
30 6.3
31 6.0
32 9.4
33 10.7
34 11.2
35 9.0
36 10.8
37 6.9
38 7.4
39 7.0
40 9.7
41 11.5
42 8.5
43 3.4
44 3.2
45 18.3
46 12.8
47 8.6
48 8.5
49 5.5
50 6.9
51 14.0
52 5.7
53 9.6
54 7.1
55 10.1
56 4.3
57 7.3
58 10.1
59 9.1
60 14.8
61 6.2
62 10.2
63 8.0
64 9.3
65 8.3
66 9.2
67 7.6
68 8.2
69 2.6
70 15.4
71 12.0
72 4.4
73 3.0
74 5.0
75 12.9
76 10.8
77 6.2
78 7.2
79 12.3
80 4.5
81 32.7
82 10.9
83 9.4
84 19.6
85 6.7
86 9.8
87 13.8
88 10.0
89 8.6
90 9.5
91 11.5
92 16.7
93 7.5
94 11.3
95 3.8
96 9.9
97 17.5
98 1.3
99 12.0
100 5.7
101 4.6
102 12.7
103 4.4
104 13.2
105 5.4
106 8.7
107 7.0
108 7.9
109 8.7
110 11.3
111 15.2
112 15.2
113 11.8
114 9.7
115 11.2
116 8.2
117 5.4
118 8.4
119 9.5
120 15.3
121 9.2
122 14.2
123 13.2
124 7.0
125 36.9
126 93.9
127 2.3
128 6.4
129 7.7
130 13.6
131 5.8
132 11.0
133 102.0
134 13.6
135 23.1
136 8.1
137 52.3
138 10.2
139 27.6
140 11.2
141 9.2
142 13.6
143 6.4
144 11.7
145 8.5
146 18.3
147 125.2
148 2.9
149 13.1
150 9.2
151 13.6
152 15.7
153 5.5
154 7.4
155 9.4
156 15.4
157 5.9
158 11.6
159 9.4
160 14.2
161 12.3
162 15.4
163 5.3
164 11.8
165 16.4
166 11.1
167 12.4
168 8.3
169 9.2
170 11.6
171 5.9
172 8.8
173 14.7
174 9.2
175 18.3
176 14.7
177 10.4
178 8.4
179 13.4
180 26.0
181 6.4
182 18.7
183 11.3
184 2.1
185 4.5
186 10.9
187 5.0
188 8.7
189 7.1
190 12.6
191 6.7
192 9.1
193 14.6
194 10.1
195 9.9
196 13.5
197 13.7
198 4.8
199 17.4
200 5.2
201 13.6
202 15.7
203 4.1
204 8.0
205 5.5
206 21.0
0 1.8
1 5.3
2 7.6
3 11.7
4 18.3
5 7.4
6 3.8
7 7.8
8 6.6
9 7.8
10 10.0
11 2.3
12 8.8
13 13.8
14 10.1
15 18.0
16 4.0
17 10.1
18 8.4
19 25.3
20 9.8
21 7.2
22 8.0
23 10.2
24 19.0
25 7.7
26 17.4
27 20.9
28 6.4
29 15.3
30 5.8
31 6.3
32 10.1
33 11.3
34 10.6
35 9.2
36 12.0
37 7.3
38 5.9
39 5.6
40 11.7
41 11.9
42 10.1
43 6.1
44 3.2
45 19.2
46 10.4
47 7.4
48 8.6
49 5.7
50 6.8
51 13.3
52 7.1
53 9.6
54 7.6
55 11.2
56 5.3
57 7.6
58 10.1
59 9.6
60 9.6
61 4.0
62 10.1
63 13.4
64 11.5
65 8.7
66 9.2
67 7.7
68 9.0
69 2.7
70 16.8
71 12.7
72 4.9
73 2.7
74 5.0
75 13.1
76 12.1
77 6.4
78 8.3
79 12.9
80 4.5
81 32.4
82 10.7
83 10.5
84 19.7
85 7.4
86 10.6
87 13.8
88 10.3
89 8.8
90 11.2
91 11.3
92 21.4
93 2.4
94 12.7
95 5.8
96 11.6
97 17.8
98 1.2
99 11.7
100 5.8
101 6.5
102 13.4
103 4.8
104 12.8
105 5.2
106 8.8
107 7.0
108 7.3
109 7.4
110 11.8
111 14.5
112 16.9
113 12.4
114 9.5
115 17.9
116 8.6
117 5.9
118 9.1
119 8.9
120 19.0
121 10.8
122 14.0
123 6.1
124 7.4
125 36.8
126 107.0
127 3.9
128 6.9
129 8.7
130 11.8
131 6.8
132 11.3
133 107.6
134 18.0
135 16.3
136 7.8
137 58.4
138 8.8
139 27.5
140 12.2
141 9.1
142 18.1
143 5.5
144 8.8
145 4.0
146 31.6
147 126.6
148 2.8
149 13.3
150 8.7
151 12.1
152 10.7
153 6.2
154 7.9
155 9.6
156 15.3
157 7.3
158 13.0
159 10.2
160 14.9
161 14.3
162 13.9
163 6.1
164 15.2
165 13.7
166 11.8
167 11.6
168 8.6
169 9.0
170 15.3
171 6.8
172 12.2
173 15.6
174 10.9
175 18.0
176 15.3
177 8.5
178 8.8
179 14.2
180 22.2
181 6.2
182 17.2
183 15.6
184 2.4
185 4.7
186 11.2
187 8.6
188 8.7
189 8.3
190 8.5
191 7.5
192 9.3
193 15.8
194 10.1
195 16.1
196 13.7
197 14.1
198 4.8
199 19.5
200 5.7
201 13.7
202 16.6
203 4.3
204 11.2
205 5.8
206 20.1
0 1.8
1 6.8
2 8.0
3 8.7
4 20.6
5 8.1
6 4.4
7 8.7
8 6.8
9 10.2
10 4.9
11 2.3
12 9.2
13 13.6
14 10.6
15 18.8
16 4.4
17 8.6
18 8.2
19 28.2
20 8.9
21 7.3
22 8.3
23 10.3
24 21.0
25 7.2
26 18.4
27 15.7
28 6.8
29 16.1
30 6.4
31 6.3
32 10.8
33 15.2
34 9.8
35 9.1
36 11.8
37 7.8
38 6.5
39 5.8
40 11.8
41 12.4
42 10.7
43 7.8
44 3.2
45 21.1
46 12.9
47 7.6
48 9.0
49 6.2
50 8.7
51 13.0
52 7.7
53 9.5
54 9.3
55 12.2
56 6.2
57 7.6
58 10.1
59 9.3
60 10.9
61 4.5
62 10.8
63 14.2
64 12.4
65 8.7
66 9.7
67 8.5
68 9.0
69 2.9
70 16.9
71 13.0
72 5.2
73 3.6
74 5.8
75 13.1
76 11.9
77 6.1
78 9.1
79 14.1
80 4.5
81 43.8
82 12.4
83 12.2
84 20.6
85 7.4
86 10.8
87 13.9
88 11.3
89 8.9
90 11.6
91 11.7
92 24.2
93 2.7
94 12.4
95 6.8
96 8.9
97 17.4
98 1.2
99 11.9
100 5.8
101 7.2
102 13.4
103 5.8
104 12.8
105 5.4
106 8.2
107 7.0
108 6.9
109 7.8
110 12.7
111 14.6
112 15.0
113 12.9
114 10.2
115 20.4
116 8.8
117 5.5
118 9.5
119 8.8
120 18.1
121 11.0
122 14.3
123 5.7
124 7.7
125 34.6
126 99.9
127 3.9
128 7.6
129 8.8
130 10.9
131 6.5
132 11.5
133 103.6
134 19.0
135 18.7
136 7.7
137 53.4
138 9.1
139 29.8
140 12.1
141 9.1
142 19.2
143 5.6
144 9.5
145 4.3
146 28.7
147 128.4
148 4.2
149 13.3
150 10.4
151 9.4
152 9.2
153 5.4
154 8.7
155 9.7
156 16.0
157 8.0
158 13.1
159 9.9
160 13.0
161 14.3
162 18.1
163 5.8
164 13.4
165 16.8
166 11.6
167 14.3
168 9.1
169 9.2
170 13.8
171 6.9
172 13.9
173 15.7
174 11.5
175 22.0
176 15.1
177 8.2
178 8.9
179 15.9
180 21.2
181 7.4
182 19.0
183 14.7
184 2.5
185 4.7
186 11.2
187 12.1
188 9.7
189 9.4
190 9.9
191 8.1
192 9.7
193 19.5
194 10.2
195 16.7
196 15.8
197 14.7
198 4.8
199 19.2
200 5.6
201 14.2
202 17.2
203 4.4
204 11.3
205 6.3
206 19.1
0 2.4
1 11.1
2 9.9
3 11.7
4 22.6
5 10.1
6 7.3
7 11.2
8 7.2
9 10.4
10 19.3
11 2.2
12 9.0
13 14.9
14 11.6
15 23.8
16 5.4
17 10.6
18 8.3
19 28.3
20 9.9
21 7.2
22 8.5
23 10.2
24 19.2
25 9.6
26 26.8
27 19.6
28 6.8
29 16.9
30 6.8
31 6.3
32 16.0
33 16.5
34 12.1
35 11.6
36 12.8
37 10.5
38 8.4
39 11.0
40 13.8
41 13.9
42 12.7
43 12.2
44 3.4
45 22.6
46 2.0
47 8.3
48 10.0
49 5.8
50 10.8
51 15.0
52 8.2
53 9.9
54 16.9
55 12.8
56 7.7
57 8.9
58 9.9
59 7.7
60 13.7
61 4.9
62 11.3
63 19.1
64 14.6
65 8.6
66 10.2
67 8.6
68 11.3
69 3.0
70 17.8
71 16.3
72 6.8
73 4.9
74 6.6
75 15.1
76 13.6
77 6.4
78 10.5
79 13.6
80 4.5
81 41.5
82 12.9
83 14.0
84 20.9
85 7.7
86 11.7
87 13.8
88 13.0
89 10.1
90 12.2
91 16.7
92 7.6
93 3.2
94 14.5
95 8.7
96 15.4
97 14.2
98 1.4
99 12.0
100 6.0
101 9.8
102 13.6
103 8.3
104 13.5
105 5.7
106 8.5
107 7.8
108 11.1
109 8.1
110 15.6
111 14.2
112 18.5
113 13.3
114 5.4
115 9.5
116 9.9
117 7.0
118 10.0
119 9.5
120 22.1
121 11.1
122 14.2
123 12.4
124 9.2
125 42.9
126 105.6
127 3.9
128 8.6
129 9.0
130 11.4
131 6.6
132 12.3
133 106.2
134 25.5
135 21.0
136 7.6
137 43.8
138 8.2
139 32.4
140 13.0
141 9.6
142 20.1
143 6.1
144 9.6
145 5.6
146 31.9
147 122.3
148 4.6
149 15.4
150 10.9
151 6.4
152 14.2
153 6.6
154 10.0
155 10.8
156 16.8
157 7.9
158 13.6
159 11.6
160 15.2
161 14.6
162 3.8
163 7.1
164 13.9
165 2.7
166 14.1
167 18.6
168 10.7
169 10.2
170 14.0
171 9.3
172 14.2
173 16.1
174 11.4
175 18.4
176 19.1
177 13.7
178 9.0
179 11.9
180 23.1
181 9.0
182 21.9
183 15.8
184 4.3
185 5.1
186 12.5
187 17.7
188 10.8
189 9.1
190 6.2
191 5.2
192 10.5
193 23.8
194 11.9
195 7.1
196 18.5
197 19.6
198 5.0
199 21.4
200 6.8
201 13.1
202 17.8
203 6.0
204 13.9
205 7.4
206 19.8
0 2.4
1 7.8
2 9.6
3 9.5
4 11.7
5 8.1
6 7.6
7 12.4
8 6.4
9 6.7
10 10.0
11 2.4
12 8.3
13 13.3
14 10.9
15 23.0
16 5.9
17 9.6
18 8.3
19 19.6
20 9.3
21 7.0
22 7.9
23 10.0
24 14.7
25 8.1
26 21.7
27 12.5
28 5.8
29 17.7
30 6.0
31 6.3
32 10.1
33 14.0
34 9.9
35 6.7
36 11.7
37 7.9
38 7.8
39 9.0
40 13.3
41 13.5
42 10.0
43 55.7
44 3.3
45 19.3
46 2.0
47 7.1
48 9.7
49 7.3
50 8.6
51 15.4
52 8.9
53 10.3
54 13.4
55 13.2
56 8.0
57 7.5
58 9.9
59 7.9
60 8.7
61 3.3
62 12.2
63 13.4
64 12.7
65 8.6
66 10.8
67 8.0
68 10.0
69 3.0
70 17.2
71 13.0
72 6.3
73 3.9
74 5.9
75 13.8
76 11.2
77 6.5
78 10.4
79 9.7
80 4.5
81 6.7
82 10.9
83 7.6
84 19.7
85 7.7
86 10.7
87 14.2
88 9.1
89 10.0
90 10.0
91 11.5
92 7.3
93 3.1
94 12.8
95 8.7
96 9.5
97 11.7
98 1.4
99 12.3
100 5.8
101 9.2
102 13.8
103 230.6
104 13.1
105 5.6
106 8.5
107 7.8
108 8.6
109 6.3
110 12.3
111 13.3
112 15.9
113 13.1
114 5.9
115 17.5
116 9.2
117 7.0
118 9.5
119 9.4
120 16.2
121 10.7
122 14.2
123 6.2
124 7.5
125 10.8
126 8.8
127 3.4
128 8.2
129 8.6
130 12.2
131 7.4
132 11.7
133 12.3
134 10.1
135 12.4
136 7.5
137 8.9
138 6.7
139 9.3
140 12.7
141 9.7
142 14.1
143 6.1
144 9.8
145 3.5
146 21.0
147 11.0
148 3.1
149 15.5
150 9.4
151 5.2
152 9.3
153 6.0
154 10.1
155 8.4
156 13.4
157 7.3
158 11.9
159 10.4
160 11.1
161 14.6
162 3.7
163 5.8
164 8.3
165 2.6
166 14.0
167 15.5
168 11.1
169 10.4
170 11.2
171 8.1
172 12.3
173 16.4
174 9.8
175 16.1
176 16.5
177 9.1
178 9.7
179 9.6
180 15.2
181 8.1
182 20.3
183 14.9
184 2.9
185 4.9
186 11.4
187 13.1
188 7.2
189 34.0
190 151.9
191 168.5
192 10.3
193 20.5
194 11.8
195 7.3
196 11.7
197 16.5
198 4.8
199 21.2
200 6.4
201 7.3
202 15.9
203 6.0
204 81.9
205 110.7
206 15.1
0 2.4
1 7.3
2 9.7
3 10.4
4 11.0
5 8.6
6 8.5
7 14.4
8 5.5
9 6.9
10 6.0
11 2.6
12 8.4
13 14.2
14 11.9
15 23.0
16 5.7
17 9.9
18 9.3
19 16.1
20 8.3
21 7.1
22 8.1
23 11.8
24 12.4
25 8.2
26 20.6
27 10.1
28 5.4
29 19.9
30 5.3
31 7.3
32 10.0
33 14.3
34 6.4
35 5.7
36 12.3
37 8.3
38 7.7
39 8.3
40 13.9
41 13.9
42 8.3
43 81.1
44 3.3
45 19.2
46 2.0
47 5.1
48 10.4
49 6.2
50 6.7
51 13.0
52 10.0
53 11.8
54 11.2
55 15.6
56 8.1
57 7.2
58 11.7
59 6.8
60 8.5
61 2.4
62 12.8
63 13.2
64 12.4
65 9.6
66 12.5
67 7.8
68 10.7
69 3.1
70 18.5
71 13.0
72 6.2
73 3.6
74 6.3
75 13.0
76 12.0
77 7.0
78 10.4
79 8.3
80 4.4
81 7.6
82 12.4
83 7.6
84 20.8
85 8.4
86 9.8
87 16.6
88 8.6
89 10.9
90 11.4
91 10.7
92 7.7
93 2.5
94 12.3
95 8.9
96 8.8
97 11.3
98 1.3
99 14.9
100 6.7
101 8.9
102 15.8
103 309.7
104 15.6
105 6.6
106 8.5
107 8.4
108 9.0
109 5.9
110 12.4
111 14.7
112 11.8
113 11.9
114 5.2
115 3.2
116 9.8
117 6.9
118 10.4
119 9.5
120 14.7
121 10.8
122 16.0
123 6.3
124 6.8
125 10.7
126 8.6
127 3.4
128 8.9
129 9.1
130 8.8
131 6.8
132 11.9
133 12.8
134 9.1
135 12.8
136 7.7
137 9.1
138 6.4
139 10.0
140 13.2
141 10.0
142 11.4
143 5.5
144 10.7
145 2.9
146 17.0
147 9.5
148 2.7
149 16.2
150 8.9
151 4.8
152 7.2
153 6.9
154 10.8
155 7.9
156 11.6
157 7.9
158 13.5
159 9.7
160 12.2
161 17.1
162 3.4
163 5.1
164 7.9
165 2.7
166 15.0
167 14.2
168 11.4
169 11.6
170 11.9
171 5.7
172 12.5
173 17.8
174 10.3
175 14.3
176 16.3
177 7.9
178 10.4
179 9.9
180 14.1
181 8.7
182 20.6
183 15.4
184 1.9
185 5.9
186 12.6
187 10.8
188 5.9
189 60.9
190 212.0
191 240.2
192 9.9
193 18.1
194 13.6
195 7.3
196 11.3
197 13.9
198 4.7
199 20.7
200 6.7
201 7.1
202 17.5
203 5.6
204 111.5
205 151.4
206 12.7
0 0.6
4 1.3
10 0.4
11 0.3
12 2.0
141 0.1
16 0.5
17 0.1
18 0.5
20 2.3
21 1.5
22 2.0
26 0.4
156 2.9
29 1.0
30 2.0
163 1.0
36 0.9
168 0.3
28 1.1
170 2.2
45 5.2
174 0.7
178 0.7
51 0.6
52 0.2
58 0.6
62 1.1
63 0.9
192 1.6
66 0.8
199 0.4
204 1.2
74 0.6
76 2.2
206 0.1
13 0.2
83 0.1
84 0.3
86 0.2
88 0.7
92 0.7
93 0.1
114 0.5
148 0.6
124 0.3
0 1.9
1 2.0
2 1.9
3 1.7
4 1.2
5 1.3
6 1.6
7 1.2
12 3.3
141 0.7
18 1.0
20 3.9
21 2.3
22 2.7
25 0.1
26 0.2
28 2.6
29 1.9
30 4.9
163 2.7
36 1.0
168 0.1
156 5.4
170 5.3
45 11.5
174 1.1
175 0.1
178 1.2
51 1.7
58 1.0
62 1.8
63 1.6
192 2.9
66 1.4
196 0.1
130 0.5
199 0.2
72 0.3
204 2.7
74 0.5
76 3.8
13 0.1
35 0.1
88 0.9
90 1.0
92 1.1
114 0.4
148 0.7
123 0.2
124 0.2
0 3.0
1 3.4
2 3.5
3 2.7
4 1.9
5 2.0
6 1.4
7 1.8
64 0.7
9 1.6
10 1.7
11 1.5
12 4.3
141 0.4
14 1.0
15 0.7
18 1.1
20 5.7
21 2.5
22 3.8
26 0.1
28 3.5
29 3.0
30 6.8
34 0.8
163 3.5
36 2.2
168 0.9
156 7.2
170 7.0
45 17.4
174 1.1
47 0.5
8 1.3
178 1.3
51 2.0
52 0.9
58 1.3
62 2.0
63 1.5
192 3.2
66 2.2
68 0.8
197 0.1
130 0.6
199 0.5
72 0.1
76 4.8
74 1.0
204 2.9
13 1.0
83 1.1
88 0.5
90 1.0
92 1.5
114 0.7
148 0.8
123 0.2
0 0.6
4 1.3
10 0.4
11 0.3
12 2.0
141 0.1
16 0.5
17 0.1
18 0.5
20 2.3
21 1.5
22 2.0
26 0.4
156 2.9
29 1.0
30 2.0
163 1.0
36 0.9
168 0.3
28 1.1
170 2.2
45 5.2
174 0.7
178 0.7
51 0.6
52 0.2
58 0.6
62 1.1
63 0.9
192 1.6
66 0.8
199 0.4
204 1.2
74 0.6
76 2.2
206 0.1
13 0.2
83 0.1
84 0.3
86 0.2
88 0.7
92 0.7
93 0.1
114 0.5
148 0.6
124 0.3
0 0.6
4 1.3
10 0.4
11 0.3
12 2.0
141 0.1
16 0.5
17 0.1
18 0.5
20 2.3
21 1.5
22 2.0
26 0.4
156 2.9
29 1.0
30 2.0
163 1.0
36 0.9
168 0.3
28 1.1
170 2.2
45 5.2
174 0.7
178 0.7
51 0.6
52 0.2
58 0.6
62 1.1
63 0.9
192 1.6
66 0.8
199 0.4
204 1.2
74 0.6
76 2.2
206 0.1
13 0.2
83 0.1
84 0.3
86 0.2
88 0.7
92 0.7
93 0.1
114 0.5
148 0.6
124 0.3
0 0.6
4 1.3
10 0.4
11 0.3
12 2.0
141 0.1
16 0.5
17 0.1
18 0.5
20 2.3
21 1.5
22 2.0
26 0.4
156 2.9
29 1.0
30 2.0
163 1.0
36 0.9
168 0.3
28 1.1
170 2.2
45 5.2
174 0.7
178 0.7
51 0.6
52 0.2
58 0.6
62 1.1
63 0.9
192 1.6
66 0.8
199 0.4
204 1.2
74 0.6
76 2.2
206 0.1
13 0.2
83 0.1
84 0.3
86 0.2
88 0.7
92 0.7
93 0.1
114 0.5
148 0.6
124 0.3
0 0.6
4 1.3
10 0.4
11 0.3
12 2.0
141 0.1
16 0.5
17 0.1
18 0.5
20 2.3
21 1.5
22 2.0
26 0.4
156 2.9
29 1.0
30 2.0
163 1.0
36 0.9
168 0.3
28 1.1
170 2.2
45 5.2
174 0.7
178 0.7
51 0.6
52 0.2
58 0.6
62 1.1
63 0.9
192 1.6
66 0.8
199 0.4
204 1.2
74 0.6
76 2.2
206 0.1
13 0.2
83 0.1
84 0.3
86 0.2
88 0.7
92 0.7
93 0.1
114 0.5
148 0.6
124 0.3
0 0.6
4 1.3
10 0.4
11 0.3
12 2.0
141 0.1
16 0.5
17 0.1
18 0.5
20 2.3
21 1.5
22 2.0
26 0.4
156 2.9
29 1.0
30 2.0
163 1.0
36 0.9
168 0.3
28 1.1
170 2.2
45 5.2
174 0.7
178 0.7
51 0.6
52 0.2
58 0.6
62 1.1
63 0.9
192 1.6
66 0.8
199 0.4
204 1.2
74 0.6
76 2.2
206 0.1
13 0.2
83 0.1
84 0.3
86 0.2
88 0.7
92 0.7
93 0.1
114 0.5
148 0.6
124 0.3
0 0.6
4 1.3
10 0.4
11 0.3
12 2.0
141 0.1
16 0.5
17 0.1
18 0.5
20 2.3
21 1.5
22 2.0
26 0.4
156 2.9
29 1.0
30 2.0
163 1.0
36 0.9
168 0.3
28 1.1
170 2.2
45 5.2
174 0.7
178 0.7
51 0.6
52 0.2
58 0.6
62 1.1
63 0.9
192 1.6
66 0.8
199 0.4
204 1.2
74 0.6
76 2.2
206 0.1
13 0.2
83 0.1
84 0.3
86 0.2
88 0.7
92 0.7
93 0.1
114 0.5
148 0.6
124 0.3
0 0.6
4 1.3
10 0.4
11 0.3
12 2.0
141 0.1
16 0.5
17 0.1
18 0.5
20 2.3
21 1.5
22 2.0
26 0.4
156 2.9
29 1.0
30 2.0
163 1.0
36 0.9
168 0.3
28 1.1
170 2.2
45 5.2
174 0.7
178 0.7
51 0.6
52 0.2
58 0.6
62 1.1
63 0.9
192 1.6
66 0.8
199 0.4
204 1.2
74 0.6
76 2.2
206 0.1
13 0.2
83 0.1
84 0.3
86 0.2
88 0.7
92 0.7
93 0.1
114 0.5
148 0.6
124 0.3
0 0.6
4 1.3
10 0.4
11 0.3
12 2.0
141 0.1
16 0.5
17 0.1
18 0.5
20 2.3
21 1.5
22 2.0
26 0.4
156 2.9
29 1.0
30 2.0
163 1.0
36 0.9
168 0.3
28 1.1
170 2.2
45 5.2
174 0.7
178 0.7
51 0.6
52 0.2
58 0.6
62 1.1
63 0.9
192 1.6
66 0.8
199 0.4
204 1.2
74 0.6
76 2.2
206 0.1
13 0.2
83 0.1
84 0.3
86 0.2
88 0.7
92 0.7
93 0.1
114 0.5
148 0.6
124 0.3
0 1.9
1 2.0
2 1.9
3 1.7
4 1.2
5 1.3
6 1.6
7 1.2
12 3.3
141 0.7
18 1.0
20 3.9
21 2.3
22 2.7
25 0.1
26 0.2
28 2.6
29 1.9
30 4.9
163 2.7
36 1.0
168 0.1
156 5.4
170 5.3
45 11.5
174 1.1
175 0.1
178 1.2
51 1.7
58 1.0
62 1.8
63 1.6
192 2.9
66 1.4
196 0.1
130 0.5
199 0.2
72 0.3
204 2.7
74 0.5
76 3.8
13 0.1
35 0.1
88 0.9
90 1.0
92 1.1
114 0.4
148 0.7
123 0.2
124 0.2
0 3.0
1 3.4
2 3.5
3 2.7
4 1.9
5 2.0
6 1.4
7 1.8
64 0.7
9 1.6
10 1.7
11 1.5
12 4.3
141 0.4
14 1.0
15 0.7
18 1.1
20 5.7
21 2.5
22 3.8
26 0.1
28 3.5
29 3.0
30 6.8
34 0.8
163 3.5
36 2.2
168 0.9
156 7.2
170 7.0
45 17.4
174 1.1
47 0.5
8 1.3
178 1.3
51 2.0
52 0.9
58 1.3
62 2.0
63 1.5
192 3.2
66 2.2
68 0.8
197 0.1
130 0.6
199 0.5
72 0.1
76 4.8
74 1.0
204 2.9
13 1.0
83 1.1
88 0.5
90 1.0
92 1.5
114 0.7
148 0.8
123 0.2
0 4.8
1 4.0
2 4.5
3 4.5
4 4.5
5 2.5
6 3.4
7 3.1
64 1.0
9 5.0
10 2.2
11 1.8
12 4.7
141 0.2
14 3.8
15 0.7
16 3.7
17 4.0
18 4.4
19 2.1
20 4.8
21 7.4
22 5.7
23 1.0
196 1.1
28 2.1
29 3.9
30 6.5
34 1.0
163 3.6
36 3.5
168 0.7
156 7.6
170 7.7
45 18.1
174 2.7
47 0.4
8 3.7
178 0.7
51 0.7
52 0.7
58 1.5
59 0.1
62 1.8
63 0.8
192 3.4
66 1.3
68 1.1
70 0.2
76 3.8
74 1.2
204 2.6
13 1.0
82 0.3
83 1.1
88 0.3
90 1.1
92 2.8
104 0.3
114 0.4
148 1.1
124 1.3
0 3.8
1 4.2
2 4.8
3 4.7
4 4.1
5 3.1
6 3.0
7 3.7
64 1.0
9 4.9
10 4.5
11 2.0
12 5.9
141 0.8
14 4.2
15 2.4
16 4.1
17 3.5
18 3.6
19 3.6
20 6.1
21 5.8
22 5.6
23 1.0
24 3.9
196 1.1
26 2.8
27 3.3
28 5.5
29 4.8
30 9.3
31 1.0
34 0.9
163 4.8
36 3.3
40 0.2
156 11.0
170 10.5
45 22.2
174 2.6
47 0.3
8 3.3
178 1.1
51 0.5
52 1.0
58 0.9
62 2.1
63 1.3
192 3.7
66 2.0
68 1.1
76 4.7
74 2.7
204 3.2
13 1.0
82 0.1
83 2.0
88 0.5
90 1.3
92 2.2
104 0.2
168 0.9
114 0.7
25 3.1
148 1.5
124 1.0
0 5.7
1 4.3
2 4.7
3 5.3
4 4.2
5 4.3
6 2.8
7 4.5
64 1.2
9 4.9
10 2.8
11 4.5
12 6.4
141 1.3
14 4.8
15 3.8
16 3.5
17 5.6
18 3.3
19 1.0
20 5.9
21 7.2
22 7.4
23 1.0
24 4.5
196 0.8
26 4.1
27 3.3
28 6.7
29 5.6
30 11.6
31 1.9
32 1.0
33 1.9
34 4.9
163 5.0
36 7.1
37 1.0
35 2.8
39 1.0
40 0.3
156 12.8
170 12.2
45 28.0
174 2.0
47 0.3
8 3.8
178 0.8
51 0.3
52 0.9
58 1.5
62 2.2
63 0.7
192 4.1
66 1.7
68 1.1
199 1.8
76 4.9
74 2.5
204 4.0
13 1.0
155 0.2
83 1.5
88 0.4
90 1.1
92 3.3
38 2.0
104 0.1
168 1.0
114 0.5
25 2.3
148 0.4
124 0.7
0 0.6
4 1.3
10 0.4
11 0.3
12 2.0
141 0.1
16 0.5
17 0.1
18 0.5
20 2.3
21 1.5
22 2.0
26 0.4
156 2.9
29 1.0
30 2.0
163 1.0
36 0.9
168 0.3
28 1.1
170 2.2
45 5.2
174 0.7
178 0.7
51 0.6
52 0.2
58 0.6
62 1.1
63 0.9
192 1.6
66 0.8
199 0.4
204 1.2
74 0.6
76 2.2
206 0.1
13 0.2
83 0.1
84 0.3
86 0.2
88 0.7
92 0.7
93 0.1
114 0.5
148 0.6
124 0.3
0 0.6
4 1.3
10 0.4
11 0.3
12 2.0
141 0.1
16 0.5
17 0.1
18 0.5
20 2.3
21 1.5
22 2.0
26 0.4
156 2.9
29 1.0
30 2.0
163 1.0
36 0.9
168 0.3
28 1.1
170 2.2
45 5.2
174 0.7
178 0.7
51 0.6
52 0.2
58 0.6
62 1.1
63 0.9
192 1.6
66 0.8
199 0.4
204 1.2
74 0.6
76 2.2
206 0.1
13 0.2
83 0.1
84 0.3
86 0.2
88 0.7
92 0.7
93 0.1
114 0.5
148 0.6
124 0.3
0 0.6
4 1.3
10 0.4
11 0.3
12 2.0
141 0.1
16 0.5
17 0.1
18 0.5
20 2.3
21 1.5
22 2.0
26 0.4
156 2.9
29 1.0
30 2.0
163 1.0
36 0.9
168 0.3
28 1.1
170 2.2
45 5.2
174 0.7
178 0.7
51 0.6
52 0.2
58 0.6
62 1.1
63 0.9
192 1.6
66 0.8
199 0.4
204 1.2
74 0.6
76 2.2
206 0.1
13 0.2
83 0.1
84 0.3
86 0.2
88 0.7
92 0.7
93 0.1
114 0.5
148 0.6
124 0.3
0 0.6
4 1.3
10 0.4
11 0.3
12 2.0
141 0.1
16 0.5
17 0.1
18 0.5
20 2.3
21 1.5
22 2.0
26 0.4
156 2.9
29 1.0
30 2.0
163 1.0
36 0.9
168 0.3
28 1.1
170 2.2
45 5.2
174 0.7
178 0.7
51 0.6
52 0.2
58 0.6
62 1.1
63 0.9
192 1.6
66 0.8
199 0.4
204 1.2
74 0.6
76 2.2
206 0.1
13 0.2
83 0.1
84 0.3
86 0.2
88 0.7
92 0.7
93 0.1
114 0.5
148 0.6
124 0.3
0 0.6
4 1.3
10 0.4
11 0.3
12 2.0
141 0.1
16 0.5
17 0.1
18 0.5
20 2.3
21 1.5
22 2.0
26 0.4
156 2.9
29 1.0
30 2.0
163 1.0
36 0.9
168 0.3
28 1.1
170 2.2
45 5.2
174 0.7
178 0.7
51 0.6
52 0.2
58 0.6
62 1.1
63 0.9
192 1.6
66 0.8
199 0.4
204 1.2
74 0.6
76 2.2
206 0.1
13 0.2
83 0.1
84 0.3
86 0.2
88 0.7
92 0.7
93 0.1
114 0.5
148 0.6
124 0.3
0 1.0
128 0.7
4 1.3
7 0.7
10 0.3
11 0.2
12 2.0
13 0.2
14 0.1
143 0.1
16 0.1
21 0.7
150 0.6
26 0.9
154 0.5
159 1.0
35 5.2
164 0.3
166 2.2
170 0.7
44 2.9
174 1.6
181 0.4
56 0.2
186 1.2
59 0.1
192 0.5
65 0.3
194 2.3
195 1.5
196 2.0
200 0.4
76 0.7
202 1.1
203 1.0
204 2.0
99 0.6
100 0.2
106 0.6
110 1.1
111 0.9
114 0.8
121 0.6
123 2.2
0 0.2
1 0.4
130 1.6
131 1.3
132 2.8
133 2.4
134 2.9
135 1.8
136 1.6
137 3.5
138 0.3
11 19.9
12 2.1
141 3.3
14 0.8
15 0.7
145 0.3
146 0.3
147 4.8
20 0.9
149 1.3
150 0.4
23 0.6
68 1.2
157 0.3
160 0.6
21 1.4
6 0.3
162 0.6
198 0.4
169 2.0
42 0.8
7 0.6
173 1.7
46 1.8
175 0.6
176 0.8
178 1.6
55 0.4
186 1.0
188 1.4
189 0.7
192 1.9
193 0.8
194 1.6
139 4.0
196 0.6
25 0.9
70 0.5
199 0.8
140 0.2
202 0.3
75 1.0
204 2.6
77 0.1
78 1.0
66 0.1
89 0.1
90 0.1
143 3.0
92 0.6
93 0.9
94 2.2
98 0.7
100 0.6
142 0.6
103 0.7
108 1.3
109 0.8
112 0.7
113 0.2
114 0.6
116 0.7
118 1.3
119 1.7
120 1.0
121 6.4
122 2.1
123 0.7
124 2.4
125 3.2
126 4.6
127 0.5
2 2.1
3 1.8
4 0.3
5 0.8
6 1.1
7 4.0
8 0.3
9 0.4
10 0.8
12 1.6
13 2.8
14 1.7
15 1.4
17 1.0
18 1.1
21 0.4
22 1.8
23 1.8
24 0.8
26 0.8
27 0.1
28 0.5
29 2.6
30 0.5
31 1.0
32 0.7
33 1.0
36 2.2
37 1.8
38 0.7
40 2.5
41 1.3
43 10.6
45 2.9
47 0.1
48 1.5
49 0.3
50 0.1
51 2.3
52 0.2
53 1.6
54 0.7
55 2.3
56 0.8
58 1.8
60 0.9
61 0.8
62 1.0
63 1.8
64 1.2
65 1.0
66 2.2
67 1.3
68 0.9
70 2.4
71 2.7
72 0.5
74 0.6
76 0.8
77 0.9
78 0.9
79 1.0
81 1.3
82 1.7
83 0.4
84 3.2
85 1.1
87 2.3
88 1.1
89 0.9
90 1.0
91 1.0
92 0.9
94 0.1
95 1.0
97 0.6
99 2.1
100 1.0
101 0.3
102 2.5
103 31.2
104 3.1
105 0.9
106 1.4
107 0.7
108 0.8
110 0.8
111 1.5
114 2.1
116 1.0
118 1.0
120 1.5
122 1.9
123 0.6
125 0.2
128 0.8
129 1.5
130 1.1
132 1.0
133 1.6
134 0.4
135 0.7
136 1.1
137 0.7
139 1.0
140 1.9
142 1.1
144 0.7
147 0.5
149 1.0
152 0.7
153 1.0
154 0.8
155 0.9
156 1.0
157 0.9
158 1.8
159 0.8
160 1.3
161 3.3
162 0.1
166 2.9
167 1.9
168 1.7
169 1.8
170 1.3
171 0.3
172 1.2
173 2.4
174 1.3
175 1.4
176 2.0
177 0.9
178 2.2
179 1.7
180 0.5
181 0.8
182 2.3
183 1.2
184 0.2
185 1.0
186 1.9
189 8.0
190 22.4
191 27.3
194 1.7
195 0.5
196 1.1
199 1.9
200 1.2
202 2.9
204 11.1
205 17.8
2 2.1
3 1.8
4 0.3
5 0.8
6 1.1
7 4.0
8 0.3
9 0.4
10 0.8
12 1.6
13 2.8
14 1.7
15 1.4
17 1.0
18 1.1
21 0.4
22 1.8
23 1.8
24 0.8
26 0.8
27 0.1
28 0.5
29 2.6
30 0.5
31 1.0
32 0.7
33 1.0
36 2.2
37 1.8
38 0.7
40 2.5
41 1.3
43 10.6
45 2.9
47 0.1
48 1.5
49 0.3
50 0.1
51 2.3
52 0.2
53 1.6
54 0.7
55 2.3
56 0.8
58 1.8
60 0.9
61 0.8
62 1.0
63 1.8
64 1.2
65 1.0
66 2.2
67 1.3
68 0.9
70 2.4
71 2.7
72 0.5
74 0.6
76 0.8
77 0.9
78 0.9
79 1.0
81 1.3
82 1.7
83 0.4
84 3.2
85 1.1
87 2.3
88 1.1
89 0.9
90 1.0
91 1.0
92 0.9
94 0.1
95 1.0
97 0.6
99 2.1
100 1.0
101 0.3
102 2.5
103 31.2
104 3.1
105 0.9
106 1.4
107 0.7
108 0.8
110 0.8
111 1.5
114 2.1
116 1.0
118 1.0
120 1.5
122 1.9
123 0.6
125 0.2
128 0.8
129 1.5
130 1.1
132 1.0
133 1.6
134 0.4
135 0.7
136 1.1
137 0.7
139 1.0
140 1.9
142 1.1
144 0.7
147 0.5
149 1.0
152 0.7
153 1.0
154 0.8
155 0.9
156 1.0
157 0.9
158 1.8
159 0.8
160 1.3
161 3.3
162 0.1
166 2.9
167 1.9
168 1.7
169 1.8
170 1.3
171 0.3
172 1.2
173 2.4
174 1.3
175 1.4
176 2.0
177 0.9
178 2.2
179 1.7
180 0.5
181 0.8
182 2.3
183 1.2
184 0.2
185 1.0
186 1.9
189 8.0
190 22.4
191 27.3
194 1.7
195 0.5
196 1.1
199 1.9
200 1.2
202 2.9
204 11.1
205 17.8
0 0.6
4 1.3
10 0.4
11 0.3
12 2.0
141 0.1
16 0.5
17 0.1
18 0.5
20 2.3
21 1.5
22 2.0
26 0.4
156 2.9
29 1.0
30 2.0
163 1.0
36 0.9
168 0.3
28 1.1
170 2.2
45 5.2
174 0.7
178 0.7
51 0.6
52 0.2
58 0.6
62 1.1
63 0.9
192 1.6
66 0.8
199 0.4
204 1.2
74 0.6
76 2.2
206 0.1
13 0.2
83 0.1
84 0.3
86 0.2
88 0.7
92 0.7
93 0.1
114 0.5
148 0.6
124 0.3
0 0.6
4 1.3
10 0.4
11 0.3
12 2.0
141 0.1
16 0.5
17 0.1
18 0.5
20 2.3
21 1.5
22 2.0
26 0.4
156 2.9
29 1.0
30 2.0
163 1.0
36 0.9
168 0.3
28 1.1
170 2.2
45 5.2
174 0.7
178 0.7
51 0.6
52 0.2
58 0.6
62 1.1
63 0.9
192 1.6
66 0.8
199 0.4
204 1.2
74 0.6
76 2.2
206 0.1
13 0.2
83 0.1
84 0.3
86 0.2
88 0.7
92 0.7
93 0.1
114 0.5
148 0.6
124 0.3
0 0.6
4 1.3
10 0.4
11 0.3
12 2.0
141 0.1
16 0.5
17 0.1
18 0.5
20 2.3
21 1.5
22 2.0
26 0.4
156 2.9
29 1.0
30 2.0
163 1.0
36 0.9
168 0.3
28 1.1
170 2.2
45 5.2
174 0.7
178 0.7
51 0.6
52 0.2
58 0.6
62 1.1
63 0.9
192 1.6
66 0.8
199 0.4
204 1.2
74 0.6
76 2.2
206 0.1
13 0.2
83 0.1
84 0.3
86 0.2
88 0.7
92 0.7
93 0.1
114 0.5
148 0.6
124 0.3
0 0.6
4 1.3
10 0.4
11 0.3
12 2.0
141 0.1
16 0.5
17 0.1
18 0.5
20 2.3
21 1.5
22 2.0
26 0.4
156 2.9
29 1.0
30 2.0
163 1.0
36 0.9
168 0.3
28 1.1
170 2.2
45 5.2
174 0.7
178 0.7
51 0.6
52 0.2
58 0.6
62 1.1
63 0.9
192 1.6
66 0.8
199 0.4
204 1.2
74 0.6
76 2.2
206 0.1
13 0.2
83 0.1
84 0.3
86 0.2
88 0.7
92 0.7
93 0.1
114 0.5
148 0.6
124 0.3
0 0.6
4 1.3
10 0.4
11 0.3
12 2.0
141 0.1
16 0.5
17 0.1
18 0.5
20 2.3
21 1.5
22 2.0
26 0.4
156 2.9
29 1.0
30 2.0
163 1.0
36 0.9
168 0.3
28 1.1
170 2.2
45 5.2
174 0.7
178 0.7
51 0.6
52 0.2
58 0.6
62 1.1
63 0.9
192 1.6
66 0.8
199 0.4
204 1.2
74 0.6
76 2.2
206 0.1
13 0.2
83 0.1
84 0.3
86 0.2
88 0.7
92 0.7
93 0.1
114 0.5
148 0.6
124 0.3
0 0.6
4 1.3
10 0.4
11 0.3
12 2.0
141 0.1
16 0.5
17 0.1
18 0.5
20 2.3
21 1.5
22 2.0
26 0.4
156 2.9
29 1.0
30 2.0
163 1.0
36 0.9
168 0.3
28 1.1
170 2.2
45 5.2
174 0.7
178 0.7
51 0.6
52 0.2
58 0.6
62 1.1
63 0.9
192 1.6
66 0.8
199 0.4
204 1.2
74 0.6
76 2.2
206 0.1
13 0.2
83 0.1
84 0.3
86 0.2
88 0.7
92 0.7
93 0.1
114 0.5
148 0.6
124 0.3
0 0.6
4 1.3
10 0.4
11 0.3
12 2.0
141 0.1
16 0.5
17 0.1
18 0.5
20 2.3
21 1.5
22 2.0
26 0.4
156 2.9
29 1.0
30 2.0
163 1.0
36 0.9
168 0.3
28 1.1
170 2.2
45 5.2
174 0.7
178 0.7
51 0.6
52 0.2
58 0.6
62 1.1
63 0.9
192 1.6
66 0.8
199 0.4
204 1.2
74 0.6
76 2.2
206 0.1
13 0.2
83 0.1
84 0.3
86 0.2
88 0.7
92 0.7
93 0.1
114 0.5
148 0.6
124 0.3
0 1.55
64 0.1
130 0.5
4 2.45
6 0.2
10 0.8
11 0.7
12 2.6
141 0.65
16 0.9
17 0.55
18 0.95
20 3.65
21 1.95
22 2.5
68 0.2
26 0.9
28 2.1
29 1.0
30 3.3
34 0.05
163 1.45
36 0.95
168 0.8
156 3.9
170 3.5
45 6.5
174 1.15
47 0.45
177 0.05
178 1.25
51 1.05
52 0.7
182 0.45
184 0.45
58 1.15
59 0.15
188 0.45
189 0.65
190 0.8
191 0.8
192 2.7
193 0.6
66 1.35
195 0.55
196 0.35
197 0.25
199 1.05
72 0.3
76 3.25
74 0.8
62 1.55
204 2.4
205 0.55
206 0.7
13 0.6
81 0.05
83 0.6
84 0.65
86 0.6
88 0.85
90 0.3
92 0.85
93 0.55
94 0.5
95 0.45
123 0.35
103 0.4
112 0.35
113 0.3
114 1.0
115 0.25
117 0.2
118 0.15
120 0.1
148 1.1
63 1.45
124 1.7
0 3.48
2 0.98
4 4.48
6 1.58
10 2.46
11 2.46
12 3.44
13 0.84
15 0.44
16 2.58
17 2.28
18 1.58
20 4.46
21 2.58
22 2.8
25 1.08
26 1.56
27 1.04
28 3.5
29 1.44
30 4.62
33 0.7
34 1.06
35 1.12
36 1.7
37 1.2
39 1.16
40 0.38
42 1.04
44 0.1
45 7.4
46 1.04
47 1.36
51 1.62
52 1.48
53 0.06
58 1.66
59 1.14
62 1.82
63 1.78
64 1.1
66 1.74
68 1.18
70 0.62
72 1.26
73 1.06
74 1.46
76 4.84
78 1.1
80 1.08
81 1.36
82 0.14
83 1.44
84 1.74
86 1.72
87 0.24
88 0.94
90 1.32
92 1.5
93 1.7
94 1.84
95 1.94
101 0.54
103 1.92
104 0.88
107 0.66
110 1.02
112 1.74
113 1.6
114 1.6
115 1.58
116 0.94
117 1.68
118 1.78
120 1.76
121 1.26
123 1.3
124 3.08
127 0.04
130 1.4
133 0.58
138 1.44
140 0.8
141 1.46
144 0.5
148 1.64
150 1.44
151 1.5
152 1.56
153 1.56
155 0.02
156 4.56
157 0.32
160 1.38
161 0.2
162 1.24
163 1.78
164 0.28
168 1.52
169 1.22
170 4.4
173 1.32
174 1.66
175 1.44
176 1.44
177 1.62
178 1.7
179 0.84
182 1.86
183 0.76
184 1.86
188 1.86
189 1.94
190 2.0
191 2.0
192 3.48
193 1.78
195 1.68
196 1.56
197 1.22
199 2.2
204 3.36
205 1.68
206 1.74
0 0.3
1 3.3
2 2.4
3 3.1
4 1.3
5 1.7
6 5.1
7 2.8
8 0.9
9 0.2
10 3.9
11 1.0
12 3.2
13 2.9
14 3.3
15 3.4
16 4.4
17 2.4
18 2.9
19 1.8
20 2.4
21 2.0
22 2.7
23 2.6
24 2.7
25 1.9
26 3.1
27 3.0
28 1.0
29 2.4
30 3.3
31 2.6
32 3.3
33 4.0
34 3.8
35 1.1
36 2.8
37 3.4
38 3.1
39 4.8
40 1.9
41 1.7
42 4.0
43 3.7
44 1.0
45 2.5
46 3.5
47 2.7
48 1.0
49 2.1
50 2.1
51 1.6
52 1.7
53 1.5
54 1.7
55 1.6
56 5.7
57 5.3
58 4.2
59 0.3
60 2.2
61 4.4
62 7.4
63 3.5
64 3.0
65 19.3
66 26.9
67 1.9
68 3.5
69 5.2
70 4.7
71 8.6
72 5.4
73 19.6
74 8.4
75 1.9
76 3.4
77 1.7
78 1.0
79 2.6
80 2.6
81 0.7
82 2.0
83 4.6
84 0.5
85 2.6
86 4.6
87 2.2
88 1.0
89 2.3
90 2.1
91 0.4
92 4.7
93 3.5
94 3.4
95 3.3
96 3.1
97 2.8
98 2.3
99 1.5
100 0.9
101 3.0
102 1.7
103 1.5
104 1.6
105 2.7
106 1.2
107 0.9
108 0.6
109 1.2
110 1.9
111 3.7
112 3.0
113 2.2
114 2.1
115 2.0
116 0.5
117 4.2
118 3.0
119 2.5
120 1.1
121 3.2
122 1.8
123 2.2
124 0.9
125 1.8
126 4.4
127 4.6
128 3.6
129 2.2
130 3.0
131 0.5
132 2.1
133 3.6
134 2.1
135 1.9
136 3.5
137 3.1
138 14.2
139 2.6
140 10.1
141 2.2
142 2.0
143 2.5
144 3.4
145 2.0
146 2.9
147 2.9
148 40.4
149 1.5
150 3.8
151 0.5
152 0.6
153 3.7
155 2.6
156 1.4
157 5.6
158 2.9
159 1.5
160 1.4
161 2.2
162 0.7
163 2.2
164 2.0
165 2.9
166 3.1
167 2.3
168 3.6
169 1.4
170 2.9
171 1.1
172 1.0
173 2.6
175 3.7
176 2.8
177 2.1
178 2.7
179 1.5
180 5.9
181 0.4
182 1.6
183 3.1
184 3.1
185 5.0
186 5.5
187 1.9
188 4.8
189 2.6
190 2.2
191 1.9
192 1.0
193 0.9
194 2.2
195 3.0
196 2.6
197 3.9
198 3.5
199 1.3
200 2.0
201 2.7
202 1.4
203 2.4
204 4.2
205 1.5
10 0.1
15 0.1
20 0.8
153 0.4
34 1.5
163 0.8
36 0.2
39 0.2
42 0.9
44 0.3
176 0.1
50 1.7
180 0.2
185 0.3
187 0.4
188 1.3
190 0.5
193 0.8
75 0.6
198 0.6
199 0.3
200 0.7
201 0.9
202 1.0
203 4.5
87 0.4
91 0.5
96 0.9
99 0.2
104 0.5
105 0.5
106 0.4
107 0.8
108 1.1
109 1.5
110 0.8
113 0.7
